0.966055,0.000003,0.000269,0.033673,1
0.965766,0.000004,0.000271,0.033959,1
0.965487,0.000004,0.000274,0.034236,1
0.965212,0.000004,0.000277,0.034507,1
0.964923,0.000004,0.000280,0.034794,1
0.964633,0.000004,0.000283,0.035080,1
0.964372,0.000004,0.000286,0.035338,1
0.964140,0.000004,0.000290,0.035566,1
0.963922,0.000004,0.000293,0.035781,1
0.963702,0.000004,0.000297,0.035997,1
0.963469,0.000004,0.000300,0.036227,1
0.963208,0.000005,0.000303,0.036485,1
0.962927,0.000005,0.000306,0.036762,1
0.962651,0.000005,0.000309,0.037036,1
0.962383,0.000005,0.000311,0.037301,1
0.962120,0.000005,0.000313,0.037563,1
0.961863,0.000005,0.000314,0.037817,1
0.961610,0.000005,0.000316,0.038069,1
0.961338,0.000005,0.000318,0.038339,1
0.961017,0.000005,0.000320,0.038658,1
0.960639,0.000006,0.000324,0.039032,1
0.960229,0.000006,0.000327,0.039438,1
0.959814,0.000006,0.000331,0.039849,1
0.959381,0.000006,0.000335,0.040277,1
0.958906,0.000006,0.000340,0.040748,1
0.958386,0.000006,0.000345,0.041263,1
0.957839,0.000006,0.000350,0.041804,1
0.957280,0.000007,0.000356,0.042357,1
0.956725,0.000007,0.000362,0.042906,1
0.956196,0.000007,0.000369,0.043429,1
0.955690,0.000007,0.000374,0.043929,1
0.955179,0.000007,0.000380,0.044434,1
0.954648,0.000007,0.000385,0.044959,1
0.954109,0.000008,0.000390,0.045494,1
0.953567,0.000008,0.000394,0.046031,1
0.952987,0.000008,0.000398,0.046608,1
0.952345,0.000008,0.000403,0.047244,1
0.951666,0.000008,0.000408,0.047918,1
0.950974,0.000008,0.000413,0.048605,1
0.950282,0.000009,0.000417,0.049292,1
0.949602,0.000009,0.000422,0.049968,1
0.948942,0.000009,0.000426,0.050623,1
0.948301,0.000009,0.000430,0.051260,1
0.947661,0.000009,0.000434,0.051895,1
0.947010,0.000009,0.000438,0.052543,1
0.946354,0.000010,0.000442,0.053194,1
0.945702,0.000010,0.000445,0.053843,1
0.945032,0.000010,0.000448,0.054510,1
0.944335,0.000010,0.000452,0.055203,1
0.943632,0.000010,0.000456,0.055902,1
0.942929,0.000011,0.000461,0.056599,1
0.942236,0.000011,0.000465,0.057287,1
0.941573,0.000011,0.000469,0.057947,1
0.940939,0.000011,0.000472,0.058578,1
0.940299,0.000012,0.000475,0.059214,1
0.939624,0.000012,0.000478,0.059887,1
0.938934,0.000012,0.000480,0.060573,1
0.938277,0.000012,0.000482,0.061228,1
0.937663,0.000012,0.000483,0.061842,1
0.937052,0.000013,0.000483,0.062452,1
0.936418,0.000013,0.000483,0.063086,1
0.935766,0.000013,0.000483,0.063738,1
0.935101,0.000013,0.000482,0.064404,1
0.934424,0.000013,0.000482,0.065081,1
0.933737,0.000014,0.000482,0.065767,1
0.933025,0.000014,0.000482,0.066480,1
0.932269,0.000014,0.000482,0.067235,1
0.931492,0.000014,0.000482,0.068012,1
0.930711,0.000015,0.000482,0.068793,1
0.929907,0.000015,0.000481,0.069596,1
0.929072,0.000015,0.000481,0.070431,1
0.928225,0.000015,0.000481,0.071278,1
0.927387,0.000016,0.000482,0.072116,1
0.926558,0.000016,0.000481,0.072945,1
0.925726,0.000016,0.000481,0.073777,1
0.924882,0.000016,0.000481,0.074621,1
0.924023,0.000017,0.000481,0.075480,1
0.923151,0.000017,0.000481,0.076352,1
0.922281,0.000017,0.000481,0.077221,1
0.921436,0.000017,0.000480,0.078066,1
0.920618,0.000018,0.000480,0.078884,1
0.919786,0.000018,0.000479,0.079716,1
0.918906,0.000018,0.000479,0.080597,1
0.918001,0.000019,0.000479,0.081501,1
0.917109,0.000019,0.000478,0.082394,1
0.916228,0.000019,0.000478,0.083275,1
0.915361,0.000019,0.000477,0.084143,1
0.914539,0.000020,0.000476,0.084965,1
0.913777,0.000020,0.000475,0.085729,1
0.913042,0.000020,0.000473,0.086465,1
0.912296,0.000020,0.000472,0.087212,1
0.911530,0.000020,0.000471,0.087979,1
0.910752,0.000021,0.000470,0.088758,1
0.909955,0.000021,0.000469,0.089555,1
0.909146,0.000021,0.000468,0.090364,1
0.908352,0.000021,0.000468,0.091159,1
0.907587,0.000022,0.000467,0.091925,1
0.906848,0.000022,0.000466,0.092665,1
0.906131,0.000022,0.000465,0.093382,1
0.905439,0.000022,0.000465,0.094074,1
0.904765,0.000022,0.000464,0.094749,1
0.904064,0.000022,0.000464,0.095450,1
0.903289,0.000023,0.000463,0.096225,1
0.902428,0.000023,0.000463,0.097086,1
0.901504,0.000023,0.000463,0.098010,1
0.900568,0.000023,0.000462,0.098946,1
0.899684,0.000023,0.000461,0.099832,1
0.898887,0.000024,0.000459,0.100630,1
0.898157,0.000024,0.000457,0.101363,1
0.897439,0.000024,0.000454,0.102083,1
0.896716,0.000024,0.000451,0.102808,1
0.896029,0.000024,0.000448,0.103498,1
0.895407,0.000024,0.000445,0.104123,1
0.894823,0.000025,0.000442,0.104710,1
0.894217,0.000025,0.000439,0.105319,1
0.893543,0.000025,0.000436,0.105996,1
0.892772,0.000025,0.000434,0.106769,1
0.891901,0.000025,0.000432,0.107642,1
0.890964,0.000025,0.000430,0.108580,1
0.889993,0.000025,0.000429,0.109552,1
0.889028,0.000026,0.000428,0.110519,1
0.888076,0.000026,0.000426,0.111472,1
0.887068,0.000026,0.000425,0.112481,1
0.886013,0.000026,0.000424,0.113537,1
0.885007,0.000026,0.000423,0.114544,1
0.884057,0.000026,0.000421,0.115496,1
0.883105,0.000026,0.000420,0.116449,1
0.882115,0.000027,0.000418,0.117440,1
0.881071,0.000027,0.000417,0.118485,1
0.879981,0.000027,0.000415,0.119577,1
0.878846,0.000027,0.000414,0.120713,1
0.877661,0.000027,0.000413,0.121899,1
0.876440,0.000027,0.000412,0.123121,1
0.875234,0.000028,0.000411,0.124327,1
0.874114,0.000028,0.000409,0.125449,1
0.873096,0.000028,0.000408,0.126468,1
0.872132,0.000028,0.000406,0.127435,1
0.871200,0.000028,0.000403,0.128369,1
0.870337,0.000028,0.000401,0.129233,1
0.869529,0.000028,0.000399,0.130044,1
0.868745,0.000028,0.000396,0.130831,1
0.867983,0.000028,0.000394,0.131596,1
0.867240,0.000028,0.000391,0.132340,1
0.866560,0.000028,0.000389,0.133023,1
0.865939,0.000028,0.000387,0.133646,1
0.865338,0.000028,0.000384,0.134249,1
0.864749,0.000028,0.000383,0.134840,1
0.864150,0.000028,0.000381,0.135441,1
0.863522,0.000028,0.000379,0.136071,1
0.862882,0.000028,0.000377,0.136712,1
0.862270,0.000028,0.000376,0.137326,1
0.861690,0.000028,0.000374,0.137907,1
0.861105,0.000028,0.000373,0.138494,1
0.860500,0.000028,0.000371,0.139101,1
0.859882,0.000028,0.000370,0.139720,1
0.859230,0.000028,0.000368,0.140373,1
0.858502,0.000028,0.000368,0.141102,1
0.857672,0.000029,0.000368,0.141931,1
0.856786,0.000029,0.000368,0.142817,1
0.855923,0.000029,0.000369,0.143680,1
0.855068,0.000029,0.000369,0.144534,1
0.854143,0.000029,0.000370,0.145458,1
0.853113,0.000029,0.000372,0.146486,1
0.852026,0.000029,0.000373,0.147572,1
0.850973,0.000029,0.000374,0.148624,1
0.849975,0.000029,0.000375,0.149620,1
0.849007,0.000029,0.000376,0.150588,1
0.848055,0.000030,0.000377,0.151538,1
0.847099,0.000030,0.000378,0.152493,1
0.846115,0.000030,0.000380,0.153476,1
0.845084,0.000030,0.000381,0.154505,1
0.843944,0.000030,0.000383,0.155643,1
0.842667,0.000030,0.000385,0.156918,1
0.841340,0.000030,0.000388,0.158241,1
0.840064,0.000031,0.000390,0.159515,1
0.838850,0.000031,0.000393,0.160727,1
0.837674,0.000031,0.000395,0.161900,1
0.836535,0.000031,0.000397,0.163037,1
0.835456,0.000031,0.000400,0.164113,1
0.834366,0.000031,0.000402,0.165200,1
0.833071,0.000032,0.000405,0.166493,1
0.831509,0.000032,0.000408,0.168052,1
0.829823,0.000032,0.000412,0.169734,1
0.828151,0.000032,0.000415,0.171401,1
0.826552,0.000032,0.000419,0.172997,1
0.825001,0.000032,0.000422,0.174545,1
0.823438,0.000033,0.000425,0.176105,1
0.821865,0.000033,0.000428,0.177674,1
0.820325,0.000033,0.000432,0.179210,1
0.818858,0.000033,0.000435,0.180673,1
0.817427,0.000033,0.000439,0.182101,1
0.816014,0.000033,0.000443,0.183509,1
0.814691,0.000034,0.000447,0.184828,1
0.813407,0.000034,0.000451,0.186108,1
0.812081,0.000034,0.000456,0.187430,1
0.810795,0.000034,0.000460,0.188711,1
0.809636,0.000034,0.000464,0.189866,1
0.808551,0.000034,0.000468,0.190947,1
0.807472,0.000034,0.000472,0.192022,1
0.806385,0.000034,0.000476,0.193105,1
0.805319,0.000034,0.000480,0.194167,1
0.804298,0.000034,0.000484,0.195184,1
0.803270,0.000034,0.000488,0.196207,1
0.802155,0.000034,0.000493,0.197318,1
0.800998,0.000035,0.000497,0.198470,1
0.799896,0.000035,0.000502,0.199568,1
0.798843,0.000035,0.000507,0.200615,1
0.797793,0.000035,0.000512,0.201660,1
0.796658,0.000035,0.000518,0.202789,1
0.795368,0.000035,0.000524,0.204073,1
0.793948,0.000035,0.000530,0.205487,1
0.792479,0.000035,0.000536,0.206949,1
0.791070,0.000036,0.000542,0.208352,1
0.789851,0.000036,0.000548,0.209566,1
0.788843,0.000036,0.000553,0.210568,1
0.787955,0.000036,0.000559,0.211451,1
0.787118,0.000036,0.000564,0.212282,1
0.786315,0.000036,0.000570,0.213079,1
0.785529,0.000036,0.000576,0.213859,1
0.784777,0.000036,0.000583,0.214604,1
0.784106,0.000036,0.000589,0.215269,1
0.783524,0.000036,0.000596,0.215844,1
0.783019,0.000036,0.000602,0.216343,1
0.782560,0.000036,0.000609,0.216795,1
0.782101,0.000036,0.000616,0.217246,1
0.781627,0.000036,0.000623,0.217713,1
0.781150,0.000036,0.000631,0.218183,1
0.780679,0.000036,0.000638,0.218646,1
0.780208,0.000036,0.000645,0.219110,1
0.779712,0.000037,0.000653,0.219599,1
0.779238,0.000037,0.000660,0.220065,1
0.778900,0.000037,0.000667,0.220396,1
0.778735,0.000037,0.000673,0.220555,1
0.778691,0.000037,0.000679,0.220594,1
0.778721,0.000036,0.000685,0.220558,1
0.778810,0.000036,0.000690,0.220464,1
0.778936,0.000036,0.000695,0.220332,1
0.779099,0.000036,0.000701,0.220164,1
0.779317,0.000036,0.000706,0.219941,1
0.779595,0.000036,0.000711,0.219658,1
0.779903,0.000036,0.000716,0.219344,1
0.780220,0.000036,0.000722,0.219022,1
0.780504,0.000036,0.000727,0.218733,1
0.780688,0.000036,0.000732,0.218544,1
0.780809,0.000036,0.000737,0.218418,1
0.780965,0.000036,0.000742,0.218257,1
0.781156,0.000036,0.000746,0.218062,1
0.781372,0.000036,0.000749,0.217842,1
0.781674,0.000036,0.000753,0.217538,1
0.782054,0.000036,0.000756,0.217154,1
0.782416,0.000035,0.000758,0.216790,1
0.782719,0.000035,0.000761,0.216485,1
0.782988,0.000035,0.000764,0.216213,1
0.783189,0.000035,0.000766,0.216010,1
0.783286,0.000035,0.000769,0.215910,1
0.783346,0.000035,0.000773,0.215846,1
0.783423,0.000035,0.000777,0.215765,1
0.783515,0.000035,0.000782,0.215668,1
0.783651,0.000035,0.000786,0.215527,1
0.783808,0.000035,0.000791,0.215366,1
0.783954,0.000035,0.000796,0.215215,1
0.784157,0.000035,0.000800,0.215008,1
0.784471,0.000035,0.000804,0.214689,1
0.784915,0.000035,0.000808,0.214242,1
0.785506,0.000035,0.000811,0.213647,1
0.786196,0.000035,0.000814,0.212955,1
0.786874,0.000034,0.000817,0.212274,1
0.787470,0.000034,0.000821,0.211675,1
0.788007,0.000034,0.000825,0.211134,1
0.788539,0.000034,0.000829,0.210598,1
0.789063,0.000034,0.000833,0.210071,1
0.789560,0.000034,0.000837,0.209569,1
0.790039,0.000034,0.000842,0.209086,1
0.790498,0.000034,0.000846,0.208622,1
0.790950,0.000033,0.000850,0.208167,1
0.791412,0.000033,0.000853,0.207702,1
0.791851,0.000033,0.000855,0.207260,1
0.792250,0.000033,0.000858,0.206860,1
0.792667,0.000033,0.000860,0.206440,1
0.793125,0.000033,0.000861,0.205981,1
0.793579,0.000032,0.000862,0.205526,1
0.794047,0.000032,0.000862,0.205059,1
0.794548,0.000032,0.000860,0.204560,1
0.795078,0.000032,0.000859,0.204031,1
0.795708,0.000032,0.000858,0.203403,1
0.796447,0.000032,0.000856,0.202665,1
0.797190,0.000032,0.000854,0.201925,1
0.797899,0.000031,0.000852,0.201217,1
0.798652,0.000031,0.000850,0.200466,1
0.799500,0.000031,0.000848,0.199621,1
0.800429,0.000031,0.000845,0.198695,1
0.801413,0.000031,0.000843,0.197714,1
0.802428,0.000030,0.000839,0.196703,1
0.803454,0.000030,0.000836,0.195680,1
0.804491,0.000030,0.000832,0.194647,1
0.805523,0.000030,0.000828,0.193619,1
0.806515,0.000030,0.000823,0.192633,1
0.807443,0.000030,0.000818,0.191710,1
0.808305,0.000029,0.000812,0.190854,1
0.809134,0.000029,0.000806,0.190031,1
0.809950,0.000029,0.000799,0.189222,1
0.810698,0.000029,0.000793,0.188480,1
0.811285,0.000029,0.000786,0.187899,1
0.811691,0.000029,0.000780,0.187500,1
0.812004,0.000029,0.000775,0.187192,1
0.812319,0.000029,0.000770,0.186882,1
0.812659,0.000029,0.000765,0.186547,1
0.813022,0.000029,0.000761,0.186188,1
0.813411,0.000029,0.000756,0.185803,1
0.813832,0.000029,0.000751,0.185387,1
0.814283,0.000029,0.000746,0.184942,1
0.814744,0.000029,0.000741,0.184486,1
0.815206,0.000029,0.000736,0.184029,1
0.815697,0.000029,0.000730,0.183543,1
0.816209,0.000029,0.000725,0.183037,1
0.816685,0.000029,0.000719,0.182567,1
0.817119,0.000029,0.000712,0.182139,1
0.817518,0.000029,0.000706,0.181747,1
0.817889,0.000029,0.000700,0.181382,1
0.818254,0.000029,0.000694,0.181023,1
0.818596,0.000029,0.000688,0.180686,1
0.818903,0.000029,0.000683,0.180384,1
0.819143,0.000030,0.000678,0.180149,1
0.819237,0.000030,0.000675,0.180059,1
0.819169,0.000030,0.000672,0.180129,1
0.819047,0.000030,0.000670,0.180254,1
0.819000,0.000030,0.000667,0.180303,1
0.818983,0.000030,0.000664,0.180323,1
0.818825,0.000030,0.000661,0.180484,1
0.818514,0.000030,0.000658,0.180798,1
0.818164,0.000030,0.000655,0.181151,1
0.817799,0.000030,0.000652,0.181519,1
0.817375,0.000030,0.000649,0.181945,1
0.816915,0.000031,0.000647,0.182408,1
0.816476,0.000031,0.000644,0.182850,1
0.816045,0.000031,0.000640,0.183283,1
0.815556,0.000031,0.000637,0.183776,1
0.814947,0.000031,0.000634,0.184387,1
0.814186,0.000031,0.000633,0.185151,1
0.813284,0.000031,0.000631,0.186054,1
0.812284,0.000031,0.000629,0.187056,1
0.811193,0.000032,0.000628,0.188148,1
0.810032,0.000032,0.000627,0.189310,1
0.808855,0.000032,0.000627,0.190486,1
0.807686,0.000032,0.000628,0.191654,1
0.806530,0.000033,0.000629,0.192808,1
0.805396,0.000033,0.000631,0.193941,1
0.804276,0.000033,0.000632,0.195058,1
0.803196,0.000033,0.000635,0.196136,1
0.802197,0.000033,0.000637,0.197133,1
0.801276,0.000034,0.000639,0.198051,1
0.800370,0.000034,0.000642,0.198955,1
0.799389,0.000034,0.000644,0.199932,1
0.798318,0.000034,0.000648,0.201000,1
0.797229,0.000035,0.000651,0.202085,1
0.796217,0.000035,0.000655,0.203093,1
0.795310,0.000035,0.000659,0.203996,1
0.794449,0.000035,0.000662,0.204853,1
0.793565,0.000035,0.000666,0.205733,1
0.792655,0.000036,0.000670,0.206640,1
0.791735,0.000036,0.000673,0.207556,1
0.790813,0.000036,0.000676,0.208475,1
0.789879,0.000036,0.000679,0.209406,1
0.788939,0.000036,0.000682,0.210343,1
0.788034,0.000037,0.000684,0.211246,1
0.787216,0.000037,0.000685,0.212061,1
0.786492,0.000037,0.000686,0.212784,1
0.785808,0.000037,0.000687,0.213467,1
0.785158,0.000038,0.000687,0.214117,1
0.784585,0.000038,0.000688,0.214689,1
0.784082,0.000038,0.000688,0.215192,1
0.783625,0.000038,0.000688,0.215649,1
0.783206,0.000038,0.000688,0.216067,1
0.782816,0.000038,0.000688,0.216457,1
0.782433,0.000039,0.000688,0.216841,1
0.782015,0.000039,0.000688,0.217259,1
0.781558,0.000039,0.000687,0.217716,1
0.781131,0.000039,0.000687,0.218143,1
0.780767,0.000039,0.000687,0.218507,1
0.780413,0.000039,0.000687,0.218861,1
0.780064,0.000039,0.000687,0.219210,1
0.779769,0.000040,0.000687,0.219505,1
0.779537,0.000040,0.000687,0.219735,1
0.779350,0.000040,0.000688,0.219922,1
0.779202,0.000040,0.000689,0.220069,1
0.779093,0.000040,0.000689,0.220178,1
0.779022,0.000040,0.000690,0.220248,1
0.779027,0.000040,0.000689,0.220243,1
0.779161,0.000040,0.000688,0.220110,1
0.779430,0.000040,0.000687,0.219843,1
0.779755,0.000040,0.000685,0.219519,1
0.780062,0.000040,0.000684,0.219213,1
0.780372,0.000040,0.000682,0.218905,1
0.780734,0.000040,0.000681,0.218545,1
0.781117,0.000040,0.000678,0.218165,1
0.781434,0.000040,0.000676,0.217850,1
0.781665,0.000040,0.000673,0.217621,1
0.781864,0.000040,0.000671,0.217425,1
0.782066,0.000040,0.000669,0.217224,1
0.782293,0.000040,0.000668,0.216998,1
0.782589,0.000040,0.000667,0.216704,1
0.783006,0.000040,0.000665,0.216289,1
0.783534,0.000040,0.000663,0.215763,1
0.784114,0.000040,0.000661,0.215185,1
0.784703,0.000040,0.000659,0.214598,1
0.785275,0.000040,0.000656,0.214028,1
0.785813,0.000040,0.000654,0.213493,1
0.786277,0.000040,0.000651,0.213032,1
0.786651,0.000040,0.000647,0.212662,1
0.787002,0.000040,0.000643,0.212315,1
0.787404,0.000040,0.000638,0.211918,1
0.787890,0.000040,0.000633,0.211438,1
0.788437,0.000040,0.000628,0.210895,1
0.788985,0.000040,0.000623,0.210352,1
0.789495,0.000040,0.000619,0.209847,1
0.789959,0.000040,0.000615,0.209386,1
0.790388,0.000040,0.000611,0.208961,1
0.790834,0.000040,0.000607,0.208519,1
0.791434,0.000040,0.000604,0.207923,1
0.792256,0.000040,0.000599,0.207104,1
0.793226,0.000040,0.000595,0.206139,1
0.794324,0.000040,0.000590,0.205047,1
0.795581,0.000040,0.000585,0.203795,1
0.796911,0.000039,0.000579,0.202470,1
0.798209,0.000039,0.000574,0.201178,1
0.799488,0.000039,0.000569,0.199904,1
0.800798,0.000039,0.000563,0.198600,1
0.802120,0.000039,0.000558,0.197283,1
0.803427,0.000038,0.000553,0.195982,1
0.804743,0.000038,0.000547,0.194672,1
0.806102,0.000038,0.000541,0.193320,1
0.807497,0.000038,0.000534,0.191932,1
0.808896,0.000037,0.000528,0.190539,1
0.810286,0.000037,0.000521,0.189156,1
0.811688,0.000037,0.000514,0.187760,1
0.813131,0.000037,0.000508,0.186325,1
0.814607,0.000036,0.000501,0.184856,1
0.816077,0.000036,0.000495,0.183392,1
0.817531,0.000036,0.000489,0.181944,1
0.818981,0.000036,0.000483,0.180500,1
0.820436,0.000035,0.000477,0.179051,1
0.821932,0.000035,0.000471,0.177562,1
0.823436,0.000035,0.000465,0.176064,1
0.824783,0.000035,0.000459,0.174723,1
0.825875,0.000035,0.000454,0.173636,1
0.826739,0.000035,0.000449,0.172778,1
0.827489,0.000034,0.000444,0.172033,1
0.828245,0.000034,0.000438,0.171282,1
0.828937,0.000034,0.000433,0.170595,1
0.829525,0.000034,0.000428,0.170013,1
0.830111,0.000034,0.000422,0.169433,1
0.830720,0.000034,0.000416,0.168830,1
0.831317,0.000034,0.000411,0.168238,1
0.831834,0.000034,0.000405,0.167726,1
0.832206,0.000034,0.000399,0.167360,1
0.832467,0.000034,0.000394,0.167105,1
0.832700,0.000034,0.000388,0.166878,1
0.832952,0.000034,0.000383,0.166631,1
0.833225,0.000034,0.000379,0.166362,1
0.833526,0.000035,0.000374,0.166065,1
0.833828,0.000035,0.000369,0.165768,1
0.834085,0.000035,0.000365,0.165516,1
0.834311,0.000035,0.000361,0.165294,1
0.834518,0.000035,0.000356,0.165091,1
0.834695,0.000035,0.000352,0.164919,1
0.834827,0.000035,0.000347,0.164791,1
0.834920,0.000035,0.000342,0.164703,1
0.835015,0.000035,0.000338,0.164612,1
0.835136,0.000035,0.000333,0.164496,1
0.835303,0.000035,0.000329,0.164333,1
0.835553,0.000035,0.000324,0.164088,1
0.835863,0.000035,0.000320,0.163782,1
0.836177,0.000035,0.000316,0.163471,1
0.836476,0.000035,0.000313,0.163176,1
0.836763,0.000035,0.000310,0.162892,1
0.837045,0.000035,0.000307,0.162613,1
0.837282,0.000036,0.000304,0.162379,1
0.837401,0.000036,0.000301,0.162262,1
0.837401,0.000036,0.000300,0.162264,1
0.837362,0.000036,0.000298,0.162305,1
0.837346,0.000036,0.000296,0.162322,1
0.837348,0.000036,0.000295,0.162322,1
0.837423,0.000036,0.000293,0.162247,1
0.837674,0.000036,0.000292,0.161998,1
0.838045,0.000036,0.000290,0.161629,1
0.838450,0.000036,0.000289,0.161226,1
0.838908,0.000036,0.000287,0.160768,1
0.839418,0.000036,0.000285,0.160260,1
0.839946,0.000036,0.000284,0.159734,1
0.840466,0.000036,0.000282,0.159216,1
0.840953,0.000036,0.000281,0.158730,1
0.841394,0.000036,0.000280,0.158290,1
0.841802,0.000036,0.000279,0.157883,1
0.842234,0.000036,0.000277,0.157453,1
0.842711,0.000036,0.000276,0.156977,1
0.843183,0.000036,0.000275,0.156507,1
0.843617,0.000036,0.000273,0.156074,1
0.844059,0.000036,0.000272,0.155634,1
0.844574,0.000036,0.000270,0.155121,1
0.845157,0.000036,0.000268,0.154539,1
0.845762,0.000035,0.000267,0.153936,1
0.846376,0.000035,0.000265,0.153324,1
0.846989,0.000035,0.000264,0.152712,1
0.847554,0.000035,0.000262,0.152149,1
0.847999,0.000035,0.000261,0.151705,1
0.848302,0.000035,0.000260,0.151403,1
0.848541,0.000035,0.000259,0.151165,1
0.848771,0.000035,0.000259,0.150936,1
0.848997,0.000035,0.000258,0.150710,1
0.849261,0.000035,0.000257,0.150447,1
0.849551,0.000035,0.000256,0.150158,1
0.849831,0.000035,0.000256,0.149879,1
0.850139,0.000035,0.000255,0.149572,1
0.850522,0.000035,0.000254,0.149189,1
0.850921,0.000035,0.000253,0.148791,1
0.851273,0.000035,0.000251,0.148441,1
0.851615,0.000034,0.000250,0.148100,1
0.851912,0.000034,0.000249,0.147805,1
0.852034,0.000034,0.000248,0.147683,1
0.851966,0.000034,0.000248,0.147752,1
0.851837,0.000034,0.000248,0.147880,1
0.851725,0.000034,0.000248,0.147993,1
0.851601,0.000034,0.000248,0.148116,1
0.851476,0.000034,0.000249,0.148241,1
0.851353,0.000034,0.000249,0.148364,1
0.851206,0.000034,0.000249,0.148511,1
0.851065,0.000034,0.000250,0.148651,1
0.850974,0.000034,0.000250,0.148741,1
0.850942,0.000034,0.000251,0.148773,1
0.850977,0.000034,0.000251,0.148738,1
0.851049,0.000034,0.000252,0.148665,1
0.851074,0.000034,0.000252,0.148639,1
0.850980,0.000034,0.000252,0.148733,1
0.850732,0.000034,0.000253,0.148981,1
0.850369,0.000034,0.000253,0.149343,1
0.849980,0.000034,0.000253,0.149733,1
0.849569,0.000035,0.000253,0.150143,1
0.849069,0.000035,0.000253,0.150644,1
0.848446,0.000035,0.000253,0.151267,1
0.847746,0.000035,0.000252,0.151967,1
0.847066,0.000035,0.000253,0.152646,1
0.846478,0.000035,0.000252,0.153234,1
0.845954,0.000035,0.000252,0.153758,1
0.845408,0.000036,0.000252,0.154304,1
0.844826,0.000036,0.000252,0.154886,1
0.844265,0.000036,0.000253,0.155446,1
0.843752,0.000036,0.000253,0.155960,1
0.843266,0.000036,0.000253,0.156446,1
0.842787,0.000036,0.000252,0.156924,1
0.842300,0.000036,0.000252,0.157412,1
0.841763,0.000036,0.000253,0.157949,1
0.841128,0.000036,0.000253,0.158583,1
0.840415,0.000037,0.000253,0.159295,1
0.839726,0.000037,0.000254,0.159984,1
0.839123,0.000037,0.000255,0.160585,1
0.838560,0.000037,0.000255,0.161148,1
0.837955,0.000037,0.000256,0.161752,1
0.837296,0.000037,0.000257,0.162410,1
0.836666,0.000037,0.000257,0.163039,1
0.836152,0.000037,0.000258,0.163553,1
0.835709,0.000038,0.000258,0.163995,1
0.835234,0.000038,0.000258,0.164470,1
0.834732,0.000038,0.000258,0.164973,1
0.834274,0.000038,0.000258,0.165430,1
0.833856,0.000038,0.000258,0.165848,1
0.833399,0.000038,0.000258,0.166305,1
0.832846,0.000038,0.000259,0.166857,1
0.832236,0.000038,0.000259,0.167466,1
0.831675,0.000038,0.000260,0.168027,1
0.831206,0.000038,0.000261,0.168495,1
0.830790,0.000038,0.000261,0.168911,1
0.830444,0.000038,0.000261,0.169257,1
0.830280,0.000038,0.000262,0.169420,1
0.830324,0.000038,0.000262,0.169376,1
0.830476,0.000038,0.000262,0.169224,1
0.830679,0.000038,0.000262,0.169021,1
0.830948,0.000038,0.000262,0.168752,1
0.831268,0.000038,0.000261,0.168433,1
0.831588,0.000038,0.000261,0.168113,1
0.831882,0.000038,0.000261,0.167820,1
0.832158,0.000038,0.000261,0.167544,1
0.832440,0.000037,0.000260,0.167262,1
0.832802,0.000037,0.000260,0.166901,1
0.833317,0.000037,0.000259,0.166386,1
0.833961,0.000037,0.000259,0.165743,1
0.834652,0.000037,0.000258,0.165053,1
0.835341,0.000036,0.000257,0.164366,1
0.836007,0.000036,0.000256,0.163701,1
0.836643,0.000036,0.000255,0.163066,1
0.837226,0.000036,0.000254,0.162484,1
0.837699,0.000036,0.000253,0.162012,1
0.837993,0.000036,0.000253,0.161719,1
0.838127,0.000035,0.000252,0.161585,1
0.838182,0.000035,0.000252,0.161531,1
0.838175,0.000035,0.000252,0.161538,1
0.838117,0.000035,0.000251,0.161596,1
0.838068,0.000035,0.000251,0.161646,1
0.838101,0.000035,0.000251,0.161613,1
0.838222,0.000035,0.000251,0.161492,1
0.838375,0.000035,0.000250,0.161340,1
0.838508,0.000035,0.000250,0.161207,1
0.838603,0.000035,0.000250,0.161113,1
0.838653,0.000034,0.000249,0.161063,1
0.838632,0.000034,0.000249,0.161085,1
0.838505,0.000034,0.000248,0.161213,1
0.838274,0.000034,0.000247,0.161445,1
0.837983,0.000034,0.000246,0.161736,1
0.837675,0.000034,0.000245,0.162046,1
0.837360,0.000034,0.000243,0.162362,1
0.837078,0.000035,0.000241,0.162647,1
0.836857,0.000035,0.000239,0.162869,1
0.836649,0.000035,0.000238,0.163079,1
0.836415,0.000035,0.000236,0.163314,1
0.836165,0.000035,0.000235,0.163566,1
0.835911,0.000035,0.000233,0.163821,1
0.835695,0.000035,0.000232,0.164039,1
0.835521,0.000035,0.000231,0.164213,1
0.835368,0.000035,0.000229,0.164368,1
0.835271,0.000035,0.000228,0.164466,1
0.835221,0.000034,0.000227,0.164518,1
0.835186,0.000034,0.000225,0.164555,1
0.835233,0.000034,0.000224,0.164509,1
0.835375,0.000034,0.000222,0.164369,1
0.835527,0.000034,0.000220,0.164218,1
0.835666,0.000034,0.000219,0.164081,1
0.835808,0.000034,0.000218,0.163940,1
0.835873,0.000034,0.000216,0.163877,1
0.835744,0.000034,0.000215,0.164006,1
0.835466,0.000034,0.000214,0.164286,1
0.835156,0.000034,0.000213,0.164597,1
0.834850,0.000034,0.000213,0.164903,1
0.834581,0.000034,0.000212,0.165173,1
0.834372,0.000034,0.000211,0.165383,1
0.834165,0.000034,0.000210,0.165592,1
0.833909,0.000034,0.000209,0.165848,1
0.833634,0.000034,0.000208,0.166124,1
0.833381,0.000034,0.000207,0.166378,1
0.833143,0.000033,0.000206,0.166617,1
0.832957,0.000033,0.000206,0.166804,1
0.832867,0.000033,0.000205,0.166895,1
0.832843,0.000033,0.000204,0.166920,1
0.832860,0.000033,0.000204,0.166903,1
0.832915,0.000033,0.000203,0.166849,1
0.832990,0.000033,0.000202,0.166775,1
0.833076,0.000033,0.000201,0.166690,1
0.833184,0.000033,0.000200,0.166583,1
0.833320,0.000033,0.000199,0.166448,1
0.833476,0.000033,0.000198,0.166293,1
0.833622,0.000033,0.000197,0.166149,1
0.833707,0.000032,0.000196,0.166065,1
0.833685,0.000032,0.000195,0.166088,1
0.833568,0.000032,0.000193,0.166207,1
0.833422,0.000032,0.000192,0.166353,1
0.833283,0.000032,0.000192,0.166493,1
0.833137,0.000032,0.000191,0.166640,1
0.833013,0.000032,0.000190,0.166765,1
0.832973,0.000032,0.000189,0.166806,1
0.832993,0.000032,0.000188,0.166787,1
0.833017,0.000032,0.000187,0.166763,1
0.833081,0.000032,0.000187,0.166700,1
0.833247,0.000032,0.000186,0.166535,1
0.833508,0.000032,0.000185,0.166275,1
0.833825,0.000032,0.000184,0.165959,1
0.834175,0.000032,0.000183,0.165611,1
0.834563,0.000031,0.000182,0.165224,1
0.835015,0.000031,0.000181,0.164772,1
0.835503,0.000031,0.000180,0.164286,1
0.835953,0.000031,0.000179,0.163837,1
0.836363,0.000031,0.000178,0.163427,1
0.836722,0.000031,0.000178,0.163069,1
0.837005,0.000031,0.000177,0.162788,1
0.837278,0.000031,0.000176,0.162515,1
0.837611,0.000031,0.000175,0.162183,1
0.838011,0.000031,0.000174,0.161785,1
0.838470,0.000030,0.000173,0.161326,1
0.838958,0.000030,0.000172,0.160840,1
0.839419,0.000030,0.000171,0.160380,1
0.839816,0.000030,0.000170,0.159984,1
0.840163,0.000030,0.000169,0.159638,1
0.840521,0.000030,0.000169,0.159280,1
0.840922,0.000030,0.000168,0.158881,1
0.841332,0.000030,0.000167,0.158472,1
0.841671,0.000030,0.000166,0.158134,1
0.841897,0.000029,0.000165,0.157909,1
0.842062,0.000029,0.000164,0.157744,1
0.842239,0.000029,0.000163,0.157569,1
0.842483,0.000029,0.000162,0.157327,1
0.842816,0.000029,0.000160,0.156994,1
0.843205,0.000029,0.000159,0.156607,1
0.843580,0.000029,0.000158,0.156233,1
0.843891,0.000029,0.000157,0.155924,1
0.844179,0.000029,0.000156,0.155636,1
0.844520,0.000029,0.000155,0.155296,1
0.844916,0.000029,0.000154,0.154901,1
0.845320,0.000029,0.000152,0.154499,1
0.845711,0.000029,0.000151,0.154110,1
0.846062,0.000028,0.000150,0.153760,1
0.846315,0.000028,0.000149,0.153508,1
0.846477,0.000028,0.000148,0.153347,1
0.846582,0.000028,0.000147,0.153242,1
0.846634,0.000028,0.000146,0.153192,1
0.846619,0.000028,0.000145,0.153208,1
0.846534,0.000028,0.000144,0.153294,1
0.846399,0.000028,0.000144,0.153429,1
0.846229,0.000028,0.000143,0.153600,1
0.846056,0.000028,0.000142,0.153774,1
0.845918,0.000028,0.000141,0.153912,1
0.845782,0.000028,0.000141,0.154049,1
0.845610,0.000028,0.000140,0.154222,1
0.845418,0.000028,0.000139,0.154414,1
0.845249,0.000028,0.000139,0.154584,1
0.845146,0.000028,0.000138,0.154688,1
0.845069,0.000028,0.000138,0.154765,1
0.844961,0.000028,0.000137,0.154873,1
0.844869,0.000028,0.000137,0.154967,1
0.844802,0.000028,0.000136,0.155033,1
0.844665,0.000028,0.000136,0.155172,1
0.844407,0.000028,0.000136,0.155429,1
0.844084,0.000028,0.000136,0.155753,1
0.843767,0.000028,0.000136,0.156069,1
0.843497,0.000028,0.000136,0.156339,1
0.843266,0.000028,0.000136,0.156569,1
0.843055,0.000028,0.000136,0.156781,1
0.842815,0.000028,0.000137,0.157020,1
0.842474,0.000028,0.000137,0.157361,1
0.842001,0.000028,0.000138,0.157834,1
0.841426,0.000028,0.000138,0.158408,1
0.840831,0.000028,0.000139,0.159002,1
0.840284,0.000028,0.000140,0.159548,1
0.839742,0.000028,0.000141,0.160089,1
0.839163,0.000028,0.000142,0.160667,1
0.838590,0.000028,0.000143,0.161239,1
0.838031,0.000028,0.000144,0.161797,1
0.837400,0.000028,0.000145,0.162427,1
0.836607,0.000028,0.000146,0.163219,1
0.835650,0.000029,0.000147,0.164174,1
0.834590,0.000029,0.000149,0.165232,1
0.833450,0.000029,0.000150,0.166371,1
0.832211,0.000029,0.000152,0.167608,1
0.830899,0.000029,0.000154,0.168918,1
0.829559,0.000029,0.000155,0.170256,1
0.828218,0.000030,0.000157,0.171595,1
0.826895,0.000030,0.000159,0.172916,1
0.825584,0.000030,0.000160,0.174226,1
0.824242,0.000030,0.000162,0.175566,1
0.822857,0.000031,0.000163,0.176949,1
0.821439,0.000031,0.000165,0.178366,1
0.819980,0.000031,0.000167,0.179823,1
0.818523,0.000031,0.000168,0.181278,1
0.817125,0.000032,0.000170,0.182674,1
0.815803,0.000032,0.000171,0.183994,1
0.814562,0.000032,0.000172,0.185234,1
0.813380,0.000032,0.000173,0.186414,1
0.812214,0.000033,0.000175,0.187579,1
0.811011,0.000033,0.000176,0.188781,1
0.809775,0.000033,0.000177,0.190015,1
0.808572,0.000033,0.000178,0.191217,1
0.807396,0.000033,0.000179,0.192391,1
0.806199,0.000034,0.000180,0.193587,1
0.804990,0.000034,0.000181,0.194795,1
0.803797,0.000034,0.000182,0.195987,1
0.802621,0.000034,0.000184,0.197161,1
0.801525,0.000035,0.000185,0.198256,1
0.800551,0.000035,0.000185,0.199229,1
0.799660,0.000035,0.000186,0.200119,1
0.798879,0.000035,0.000187,0.200899,1
0.798280,0.000035,0.000187,0.201497,1
0.797830,0.000035,0.000187,0.201947,1
0.797416,0.000035,0.000188,0.202361,1
0.796939,0.000035,0.000188,0.202838,1
0.796381,0.000035,0.000188,0.203396,1
0.795787,0.000036,0.000188,0.203990,1
0.795205,0.000036,0.000188,0.204571,1
0.794666,0.000036,0.000188,0.205111,1
0.794168,0.000036,0.000187,0.205609,1
0.793705,0.000036,0.000187,0.206072,1
0.793278,0.000036,0.000187,0.206499,1
0.792850,0.000036,0.000187,0.206927,1
0.792405,0.000036,0.000186,0.207373,1
0.791926,0.000036,0.000186,0.207852,1
0.791379,0.000036,0.000186,0.208399,1
0.790844,0.000036,0.000186,0.208934,1
0.790405,0.000036,0.000186,0.209373,1
0.789996,0.000036,0.000186,0.209782,1
0.789531,0.000036,0.000186,0.210246,1
0.789047,0.000036,0.000186,0.210731,1
0.788666,0.000036,0.000186,0.211111,1
0.788487,0.000036,0.000187,0.211290,1
0.788501,0.000036,0.000187,0.211276,1
0.788628,0.000036,0.000187,0.211149,1
0.788847,0.000036,0.000187,0.210930,1
0.789162,0.000036,0.000187,0.210615,1
0.789518,0.000036,0.000186,0.210259,1
0.789906,0.000036,0.000186,0.209872,1
0.790354,0.000036,0.000186,0.209425,1
0.790819,0.000036,0.000185,0.208960,1
0.791282,0.000036,0.000185,0.208497,1
0.791795,0.000036,0.000185,0.207984,1
0.792396,0.000035,0.000185,0.207384,1
0.793101,0.000035,0.000184,0.206679,1
0.793894,0.000035,0.000184,0.205887,1
0.794704,0.000035,0.000184,0.205078,1
0.795490,0.000035,0.000183,0.204292,1
0.796297,0.000034,0.000183,0.203486,1
0.797137,0.000034,0.000182,0.202647,1
0.797952,0.000034,0.000182,0.201833,1
0.798670,0.000034,0.000181,0.201115,1
0.799260,0.000034,0.000181,0.200525,1
0.799764,0.000034,0.000181,0.200021,1
0.800267,0.000033,0.000181,0.199519,1
0.800821,0.000033,0.000180,0.198965,1
0.801409,0.000033,0.000180,0.198378,1
0.801998,0.000033,0.000180,0.197789,1
0.802602,0.000033,0.000179,0.197185,1
0.803220,0.000033,0.000179,0.196568,1
0.803785,0.000033,0.000179,0.196003,1
0.804271,0.000033,0.000178,0.195518,1
0.804682,0.000033,0.000178,0.195107,1
0.804935,0.000033,0.000178,0.194854,1
0.804965,0.000033,0.000178,0.194824,1
0.804776,0.000033,0.000178,0.195013,1
0.804408,0.000033,0.000178,0.195381,1
0.803947,0.000033,0.000178,0.195842,1
0.803452,0.000033,0.000178,0.196337,1
0.802941,0.000033,0.000178,0.196848,1
0.802425,0.000033,0.000178,0.197364,1
0.801908,0.000033,0.000178,0.197881,1
0.801433,0.000033,0.000178,0.198355,1
0.801017,0.000033,0.000178,0.198771,1
0.800608,0.000033,0.000178,0.199180,1
0.800243,0.000034,0.000178,0.199546,1
0.799951,0.000034,0.000178,0.199837,1
0.799595,0.000034,0.000178,0.200193,1
0.799079,0.000034,0.000179,0.200708,1
0.798520,0.000034,0.000179,0.201267,1
0.798062,0.000034,0.000179,0.201725,1
0.797695,0.000034,0.000180,0.202092,1
0.797233,0.000034,0.000180,0.202553,1
0.796525,0.000034,0.000181,0.203260,1
0.795635,0.000034,0.000181,0.204149,1
0.794633,0.000035,0.000182,0.205151,1
0.793519,0.000035,0.000183,0.206264,1
0.792370,0.000035,0.000184,0.207411,1
0.791220,0.000035,0.000185,0.208560,1
0.790030,0.000035,0.000187,0.209749,1
0.788808,0.000035,0.000188,0.210969,1
0.787537,0.000035,0.000189,0.212238,1
0.786185,0.000036,0.000191,0.213589,1
0.784783,0.000036,0.000192,0.214989,1
0.783404,0.000036,0.000194,0.216367,1
0.782080,0.000036,0.000196,0.217689,1
0.780797,0.000036,0.000197,0.218969,1
0.779550,0.000036,0.000198,0.220216,1
0.778372,0.000036,0.000200,0.221392,1
0.777213,0.000037,0.000201,0.222550,1
0.775931,0.000037,0.000202,0.223831,1
0.774590,0.000037,0.000203,0.225171,1
0.773373,0.000037,0.000203,0.226387,1
0.772281,0.000037,0.000204,0.227478,1
0.771242,0.000037,0.000205,0.228516,1
0.770261,0.000037,0.000205,0.229496,1
0.769349,0.000037,0.000206,0.230407,1
0.768471,0.000037,0.000206,0.231286,1
0.767605,0.000037,0.000207,0.232150,1
0.766741,0.000037,0.000208,0.233014,1
0.765842,0.000037,0.000208,0.233912,1
0.764845,0.000038,0.000209,0.234908,1
0.763688,0.000038,0.000210,0.236065,1
0.762373,0.000038,0.000211,0.237378,1
0.761012,0.000038,0.000212,0.238738,1
0.759803,0.000038,0.000213,0.239945,1
0.758874,0.000038,0.000214,0.240873,1
0.758200,0.000038,0.000215,0.241547,1
0.757656,0.000038,0.000215,0.242091,1
0.757054,0.000038,0.000215,0.242692,1
0.756192,0.000038,0.000216,0.243554,1
0.754967,0.000038,0.000217,0.244778,1
0.753476,0.000038,0.000218,0.246268,1
0.751865,0.000039,0.000219,0.247877,1
0.750149,0.000039,0.000220,0.249593,1
0.748300,0.000039,0.000221,0.251440,1
0.746362,0.000039,0.000222,0.253376,1
0.744405,0.000039,0.000224,0.255332,1
0.742468,0.000040,0.000225,0.257267,1
0.740523,0.000040,0.000227,0.259211,1
0.738513,0.000040,0.000229,0.261218,1
0.736464,0.000040,0.000230,0.263266,1
0.734432,0.000040,0.000232,0.265296,1
0.732367,0.000041,0.000234,0.267359,1
0.730167,0.000041,0.000236,0.269556,1
0.727833,0.000041,0.000238,0.271888,1
0.725440,0.000041,0.000240,0.274279,1
0.723053,0.000041,0.000242,0.276663,1
0.720718,0.000042,0.000244,0.278996,1
0.718498,0.000042,0.000246,0.281213,1
0.716509,0.000042,0.000248,0.283201,1
0.714776,0.000042,0.000250,0.284932,1
0.713226,0.000042,0.000252,0.286480,1
0.711835,0.000042,0.000253,0.287870,1
0.710550,0.000042,0.000255,0.289153,1
0.709301,0.000042,0.000256,0.290400,1
0.708093,0.000042,0.000258,0.291607,1
0.706859,0.000042,0.000260,0.292839,1
0.705417,0.000042,0.000261,0.294279,1
0.703727,0.000043,0.000263,0.295967,1
0.701935,0.000043,0.000265,0.297757,1
0.700156,0.000043,0.000267,0.299534,1
0.698441,0.000043,0.000269,0.301247,1
0.696692,0.000043,0.000272,0.302993,1
0.694672,0.000043,0.000274,0.305010,1
0.692415,0.000044,0.000277,0.307264,1
0.690074,0.000044,0.000280,0.309602,1
0.687560,0.000044,0.000283,0.312113,1
0.684946,0.000045,0.000287,0.314722,1
0.682447,0.000045,0.000292,0.317216,1
0.680063,0.000045,0.000296,0.319595,1
0.677899,0.000045,0.000301,0.321755,1
0.676069,0.000046,0.000306,0.323579,1
0.674340,0.000046,0.000312,0.325302,1
0.672450,0.000046,0.000318,0.327186,1
0.670424,0.000047,0.000324,0.329205,1
0.668418,0.000047,0.000330,0.331205,1
0.666570,0.000047,0.000337,0.333046,1
0.664945,0.000048,0.000344,0.334663,1
0.663491,0.000048,0.000350,0.336111,1
0.662087,0.000048,0.000357,0.337507,1
0.660677,0.000049,0.000364,0.338910,1
0.659251,0.000049,0.000370,0.340330,1
0.657753,0.000049,0.000376,0.341822,1
0.656164,0.000049,0.000382,0.343405,1
0.654568,0.000050,0.000387,0.344995,1
0.653079,0.000050,0.000393,0.346478,1
0.651835,0.000050,0.000398,0.347716,1
0.650869,0.000051,0.000404,0.348677,1
0.649978,0.000051,0.000410,0.349561,1
0.649031,0.000051,0.000417,0.350501,1
0.648117,0.000052,0.000424,0.351408,1
0.647299,0.000052,0.000431,0.352218,1
0.646623,0.000052,0.000438,0.352887,1
0.646196,0.000053,0.000446,0.353306,1
0.646042,0.000053,0.000453,0.353452,1
0.646011,0.000053,0.000461,0.353475,1
0.645915,0.000053,0.000469,0.353562,1
0.645713,0.000053,0.000477,0.353756,1
0.645435,0.000054,0.000486,0.354025,1
0.645147,0.000054,0.000494,0.354305,1
0.644927,0.000054,0.000502,0.354517,1
0.644716,0.000054,0.000510,0.354720,1
0.644501,0.000054,0.000518,0.354926,1
0.644488,0.000054,0.000526,0.354932,1
0.644859,0.000054,0.000533,0.354554,1
0.645566,0.000054,0.000539,0.353841,1
0.646431,0.000054,0.000545,0.352970,1
0.647313,0.000054,0.000550,0.352082,1
0.648161,0.000054,0.000555,0.351230,1
0.649017,0.000054,0.000560,0.350369,1
0.649938,0.000054,0.000565,0.349444,1
0.650920,0.000054,0.000569,0.348458,1
0.651954,0.000054,0.000573,0.347419,1
0.653044,0.000053,0.000577,0.346326,1
0.654147,0.000053,0.000580,0.345220,1
0.655278,0.000053,0.000583,0.344085,1
0.656544,0.000053,0.000586,0.342817,1
0.657959,0.000053,0.000588,0.341400,1
0.659424,0.000052,0.000589,0.339934,1
0.660768,0.000052,0.000591,0.338589,1
0.661842,0.000052,0.000593,0.337513,1
0.662762,0.000052,0.000595,0.336592,1
0.663760,0.000052,0.000596,0.335592,1
0.664813,0.000051,0.000598,0.334538,1
0.665755,0.000051,0.000600,0.333594,1
0.666540,0.000051,0.000602,0.332808,1
0.667243,0.000051,0.000604,0.332102,1
0.668017,0.000051,0.000606,0.331326,1
0.668950,0.000051,0.000608,0.330392,1
0.669914,0.000050,0.000609,0.329426,1
0.670753,0.000050,0.000611,0.328586,1
0.671558,0.000050,0.000613,0.327779,1
0.672477,0.000050,0.000614,0.326859,1
0.673520,0.000050,0.000615,0.325815,1
0.674784,0.000049,0.000614,0.324552,1
0.676390,0.000049,0.000613,0.322948,1
0.678226,0.000049,0.000612,0.321114,1
0.680143,0.000048,0.000610,0.319199,1
0.682177,0.000048,0.000608,0.317168,1
0.684347,0.000047,0.000606,0.314999,1
0.686575,0.000047,0.000604,0.312775,1
0.688777,0.000046,0.000602,0.310574,1
0.690898,0.000046,0.000601,0.308456,1
0.692896,0.000046,0.000599,0.306459,1
0.694779,0.000045,0.000598,0.304578,1
0.696630,0.000045,0.000597,0.302728,1
0.698539,0.000045,0.000597,0.300819,1
0.700531,0.000044,0.000595,0.298829,1
0.702553,0.000044,0.000594,0.296809,1
0.704526,0.000044,0.000593,0.294837,1
0.706481,0.000043,0.000592,0.292884,1
0.708523,0.000043,0.000590,0.290843,1
0.710648,0.000043,0.000588,0.288721,1
0.712757,0.000042,0.000586,0.286615,1
0.714828,0.000042,0.000585,0.284545,1
0.716886,0.000042,0.000583,0.282489,1
0.718939,0.000041,0.000582,0.280438,1
0.720997,0.000041,0.000580,0.278382,1
0.723046,0.000041,0.000578,0.276334,1
0.725020,0.000040,0.000577,0.274363,1
0.726876,0.000040,0.000576,0.272508,1
0.728684,0.000040,0.000575,0.270702,1
0.730543,0.000040,0.000573,0.268844,1
0.732467,0.000039,0.000571,0.266923,1
0.734420,0.000039,0.000569,0.264972,1
0.736415,0.000039,0.000566,0.262981,1
0.738439,0.000038,0.000563,0.260960,1
0.740353,0.000038,0.000560,0.259049,1
0.742150,0.000038,0.000557,0.257255,1
0.744011,0.000037,0.000554,0.255398,1
0.745985,0.000037,0.000551,0.253427,1
0.748003,0.000037,0.000548,0.251412,1
0.750033,0.000036,0.000546,0.249385,1
0.752037,0.000036,0.000544,0.247383,1
0.753939,0.000036,0.000542,0.245484,1
0.755653,0.000035,0.000540,0.243772,1
0.757159,0.000035,0.000539,0.242267,1
0.758515,0.000035,0.000538,0.240912,1
0.759757,0.000034,0.000538,0.239671,1
0.760904,0.000034,0.000537,0.238524,1
0.762056,0.000034,0.000537,0.237373,1
0.763199,0.000034,0.000536,0.236230,1
0.764125,0.000034,0.000536,0.235304,1
0.764713,0.000033,0.000537,0.234716,1
0.765022,0.000033,0.000539,0.234406,1
0.765190,0.000033,0.000541,0.234236,1
0.765338,0.000033,0.000543,0.234086,1
0.765471,0.000033,0.000545,0.233952,1
0.765468,0.000033,0.000547,0.233952,1
0.765219,0.000033,0.000550,0.234198,1
0.764812,0.000032,0.000553,0.234602,1
0.764417,0.000032,0.000556,0.234994,1
0.764095,0.000032,0.000559,0.235314,1
0.763846,0.000032,0.000561,0.235561,1
0.763653,0.000032,0.000563,0.235752,1
0.763481,0.000032,0.000565,0.235922,1
0.763315,0.000032,0.000567,0.236086,1
0.763200,0.000032,0.000569,0.236199,1
0.763201,0.000032,0.000570,0.236197,1
0.763284,0.000032,0.000572,0.236113,1
0.763369,0.000032,0.000573,0.236027,1
0.763448,0.000031,0.000574,0.235946,1
0.763515,0.000031,0.000576,0.235877,1
0.763508,0.000031,0.000578,0.235883,1
0.763383,0.000031,0.000580,0.236006,1
0.763179,0.000031,0.000582,0.236208,1
