0.946081,0.000005,0.000363,0.053552,1
0.945572,0.000005,0.000365,0.054057,1
0.945078,0.000005,0.000368,0.054548,1
0.944593,0.000005,0.000372,0.055030,1
0.944084,0.000006,0.000376,0.055534,1
0.943579,0.000006,0.000380,0.056035,1
0.943119,0.000006,0.000384,0.056491,1
0.942708,0.000006,0.000389,0.056897,1
0.942319,0.000006,0.000394,0.057281,1
0.941930,0.000006,0.000398,0.057666,1
0.941521,0.000007,0.000402,0.058071,1
0.941071,0.000007,0.000406,0.058516,1
0.940592,0.000007,0.000410,0.058991,1
0.940122,0.000007,0.000414,0.059458,1
0.939669,0.000007,0.000416,0.059908,1
0.939224,0.000007,0.000418,0.060350,1
0.938791,0.000007,0.000420,0.060782,1
0.938363,0.000008,0.000422,0.061208,1
0.937903,0.000008,0.000424,0.061664,1
0.937367,0.000008,0.000428,0.062198,1
0.936740,0.000008,0.000432,0.062820,1
0.936064,0.000008,0.000437,0.063491,1
0.935379,0.000008,0.000441,0.064172,1
0.934667,0.000009,0.000447,0.064877,1
0.933888,0.000009,0.000452,0.065651,1
0.933037,0.000009,0.000459,0.066495,1
0.932143,0.000009,0.000465,0.067382,1
0.931229,0.000009,0.000473,0.068289,1
0.930320,0.000010,0.000481,0.069189,1
0.929451,0.000010,0.000489,0.070050,1
0.928621,0.000010,0.000496,0.070872,1
0.927787,0.000010,0.000503,0.071699,1
0.926922,0.000011,0.000510,0.072558,1
0.926048,0.000011,0.000515,0.073426,1
0.925171,0.000011,0.000520,0.074298,1
0.924235,0.000011,0.000525,0.075229,1
0.923205,0.000012,0.000531,0.076253,1
0.922117,0.000012,0.000537,0.077334,1
0.921012,0.000012,0.000543,0.078433,1
0.919907,0.000012,0.000549,0.079532,1
0.918822,0.000013,0.000554,0.080611,1
0.917771,0.000013,0.000560,0.081657,1
0.916750,0.000013,0.000564,0.082672,1
0.915734,0.000013,0.000569,0.083684,1
0.914700,0.000014,0.000573,0.084713,1
0.913661,0.000014,0.000578,0.085747,1
0.912628,0.000014,0.000582,0.086776,1
0.911566,0.000014,0.000586,0.087835,1
0.910462,0.000015,0.000589,0.088935,1
0.909347,0.000015,0.000594,0.090044,1
0.908235,0.000015,0.000600,0.091150,1
0.907140,0.000015,0.000605,0.092240,1
0.906093,0.000016,0.000610,0.093282,1
0.905093,0.000016,0.000613,0.094278,1
0.904087,0.000016,0.000616,0.095281,1
0.903028,0.000017,0.000619,0.096337,1
0.901947,0.000017,0.000621,0.097414,1
0.900919,0.000017,0.000623,0.098440,1
0.899959,0.000017,0.000624,0.099400,1
0.899006,0.000018,0.000623,0.100353,1
0.898017,0.000018,0.000622,0.101343,1
0.897002,0.000018,0.000621,0.102358,1
0.895968,0.000019,0.000620,0.103393,1
0.894918,0.000019,0.000619,0.104445,1
0.893855,0.000019,0.000617,0.105508,1
0.892753,0.000019,0.000617,0.106611,1
0.891588,0.000020,0.000616,0.107776,1
0.890391,0.000020,0.000615,0.108973,1
0.889190,0.000020,0.000614,0.110175,1
0.887957,0.000021,0.000613,0.111410,1
0.886677,0.000021,0.000612,0.112690,1
0.885382,0.000021,0.000611,0.113986,1
0.884102,0.000022,0.000611,0.115266,1
0.882840,0.000022,0.000610,0.116529,1
0.881575,0.000022,0.000608,0.117795,1
0.880294,0.000022,0.000607,0.119076,1
0.878993,0.000023,0.000606,0.120378,1
0.877675,0.000023,0.000605,0.121697,1
0.876363,0.000023,0.000604,0.123009,1
0.875092,0.000024,0.000603,0.124281,1
0.873864,0.000024,0.000601,0.125511,1
0.872617,0.000024,0.000600,0.126759,1
0.871298,0.000025,0.000599,0.128078,1
0.869946,0.000025,0.000598,0.129431,1
0.868614,0.000025,0.000596,0.130764,1
0.867302,0.000026,0.000595,0.132077,1
0.866013,0.000026,0.000593,0.133368,1
0.864794,0.000026,0.000591,0.134589,1
0.863665,0.000027,0.000588,0.135720,1
0.862577,0.000027,0.000586,0.136810,1
0.861475,0.000027,0.000583,0.137914,1
0.860344,0.000027,0.000581,0.139047,1
0.859196,0.000028,0.000579,0.140197,1
0.858022,0.000028,0.000577,0.141373,1
0.856830,0.000028,0.000576,0.142566,1
0.855661,0.000028,0.000574,0.143736,1
0.854536,0.000029,0.000573,0.144862,1
0.853451,0.000029,0.000571,0.145949,1
0.852400,0.000029,0.000570,0.147001,1
0.851386,0.000029,0.000568,0.148016,1
0.850399,0.000030,0.000567,0.149005,1
0.849374,0.000030,0.000566,0.150030,1
0.848241,0.000030,0.000565,0.151164,1
0.846983,0.000030,0.000564,0.152423,1
0.845635,0.000030,0.000563,0.153772,1
0.844273,0.000031,0.000561,0.155135,1
0.842989,0.000031,0.000559,0.156421,1
0.841834,0.000031,0.000556,0.157579,1
0.840775,0.000031,0.000552,0.158641,1
0.839735,0.000032,0.000548,0.159685,1
0.838691,0.000032,0.000544,0.160733,1
0.837698,0.000032,0.000540,0.161730,1
0.836800,0.000032,0.000536,0.162632,1
0.835957,0.000032,0.000531,0.163479,1
0.835083,0.000032,0.000527,0.164358,1
0.834109,0.000032,0.000523,0.165335,1
0.832994,0.000033,0.000520,0.166454,1
0.831734,0.000033,0.000517,0.167716,1
0.830381,0.000033,0.000514,0.169072,1
0.828982,0.000033,0.000512,0.170474,1
0.827591,0.000033,0.000509,0.171866,1
0.826220,0.000034,0.000507,0.173239,1
0.824766,0.000034,0.000505,0.174695,1
0.823243,0.000034,0.000503,0.176220,1
0.821791,0.000034,0.000501,0.177675,1
0.820420,0.000034,0.000498,0.179047,1
0.819050,0.000034,0.000496,0.180419,1
0.817628,0.000034,0.000494,0.181844,1
0.816133,0.000035,0.000491,0.183342,1
0.814573,0.000035,0.000489,0.184903,1
0.812952,0.000035,0.000486,0.186527,1
0.811261,0.000035,0.000484,0.188220,1
0.809520,0.000035,0.000482,0.189962,1
0.807803,0.000036,0.000480,0.191681,1
0.806207,0.000036,0.000478,0.193279,1
0.804758,0.000036,0.000475,0.194731,1
0.803383,0.000036,0.000472,0.196108,1
0.802055,0.000036,0.000469,0.197440,1
0.800825,0.000036,0.000466,0.198673,1
0.799669,0.000036,0.000462,0.199832,1
0.798548,0.000036,0.000459,0.200957,1
0.797458,0.000036,0.000456,0.202051,1
0.796395,0.000036,0.000452,0.203116,1
0.795420,0.000036,0.000449,0.204095,1
0.794529,0.000036,0.000446,0.204989,1
0.793665,0.000036,0.000443,0.205856,1
0.792819,0.000036,0.000441,0.206704,1
0.791960,0.000036,0.000438,0.207566,1
0.791059,0.000036,0.000436,0.208469,1
0.790145,0.000036,0.000434,0.209386,1
0.789270,0.000036,0.000431,0.210263,1
0.788440,0.000036,0.000429,0.211094,1
0.787604,0.000036,0.000427,0.211933,1
0.786742,0.000036,0.000425,0.212797,1
0.785864,0.000036,0.000423,0.213677,1
0.784941,0.000036,0.000421,0.214602,1
0.783912,0.000036,0.000420,0.215632,1
0.782743,0.000036,0.000420,0.216801,1
0.781497,0.000036,0.000420,0.218047,1
0.780285,0.000036,0.000420,0.219258,1
0.779087,0.000036,0.000421,0.220456,1
0.777796,0.000037,0.000421,0.221746,1
0.776360,0.000037,0.000422,0.223181,1
0.774846,0.000037,0.000423,0.224693,1
0.773380,0.000037,0.000424,0.226158,1
0.771993,0.000037,0.000425,0.227544,1
0.770649,0.000037,0.000426,0.228888,1
0.769331,0.000037,0.000427,0.230205,1
0.768007,0.000037,0.000428,0.231527,1
0.766648,0.000038,0.000429,0.232885,1
0.765227,0.000038,0.000431,0.234305,1
0.763658,0.000038,0.000432,0.235872,1
0.761902,0.000038,0.000434,0.237626,1
0.760082,0.000038,0.000437,0.239443,1
0.758332,0.000038,0.000439,0.241190,1
0.756670,0.000039,0.000442,0.242850,1
0.755062,0.000039,0.000444,0.244456,1
0.753506,0.000039,0.000446,0.246009,1
0.752034,0.000039,0.000449,0.247479,1
0.750548,0.000039,0.000451,0.248962,1
0.748783,0.000039,0.000454,0.250724,1
0.746656,0.000040,0.000457,0.252848,1
0.744364,0.000040,0.000461,0.255135,1
0.742096,0.000040,0.000464,0.257400,1
0.739930,0.000040,0.000467,0.259562,1
0.737832,0.000040,0.000470,0.261657,1
0.735725,0.000041,0.000473,0.263761,1
0.733609,0.000041,0.000477,0.265874,1
0.731540,0.000041,0.000480,0.267939,1
0.729574,0.000041,0.000484,0.269901,1
0.727658,0.000041,0.000488,0.271813,1
0.725771,0.000042,0.000492,0.273696,1
0.724004,0.000042,0.000496,0.275459,1
0.722290,0.000042,0.000500,0.277168,1
0.720519,0.000042,0.000505,0.278934,1
0.718805,0.000042,0.000509,0.280644,1
0.717255,0.000042,0.000513,0.282189,1
0.715804,0.000042,0.000517,0.283636,1
0.714361,0.000042,0.000521,0.285075,1
0.712911,0.000042,0.000526,0.286521,1
0.711491,0.000043,0.000530,0.287937,1
0.710133,0.000043,0.000534,0.289290,1
0.708769,0.000043,0.000539,0.290649,1
0.707292,0.000043,0.000544,0.292121,1
0.705763,0.000043,0.000549,0.293645,1
0.704307,0.000043,0.000554,0.295096,1
0.702920,0.000043,0.000559,0.296477,1
0.701540,0.000043,0.000565,0.297852,1
0.700054,0.000043,0.000571,0.299332,1
0.698366,0.000044,0.000577,0.301014,1
0.696515,0.000044,0.000583,0.302858,1
0.694604,0.000044,0.000590,0.304763,1
0.692772,0.000044,0.000596,0.306587,1
0.691187,0.000044,0.000603,0.308167,1
0.689874,0.000044,0.000608,0.309473,1
0.688715,0.000044,0.000614,0.310627,1
0.687624,0.000044,0.000620,0.311711,1
0.686579,0.000044,0.000626,0.312750,1
0.685559,0.000045,0.000633,0.313763,1
0.684584,0.000045,0.000640,0.314731,1
0.683713,0.000045,0.000647,0.315594,1
0.682960,0.000045,0.000655,0.316340,1
0.682305,0.000045,0.000662,0.316987,1
0.681711,0.000045,0.000670,0.317574,1
0.681116,0.000045,0.000678,0.318161,1
0.680502,0.000045,0.000686,0.318767,1
0.679885,0.000045,0.000694,0.319376,1
0.679278,0.000045,0.000702,0.319975,1
0.678669,0.000045,0.000710,0.320575,1
0.678027,0.000045,0.000719,0.321209,1
0.677414,0.000046,0.000727,0.321814,1
0.676972,0.000046,0.000735,0.322247,1
0.676752,0.000046,0.000742,0.322461,1
0.676684,0.000046,0.000749,0.322522,1
0.676711,0.000046,0.000756,0.322488,1
0.676815,0.000046,0.000762,0.322378,1
0.676968,0.000046,0.000768,0.322218,1
0.677168,0.000046,0.000774,0.322013,1
0.677439,0.000045,0.000780,0.321735,1
0.677786,0.000045,0.000787,0.321382,1
0.678173,0.000045,0.000793,0.320989,1
0.678570,0.000045,0.000800,0.320585,1
0.678925,0.000045,0.000806,0.320224,1
0.679150,0.000045,0.000813,0.319992,1
0.679294,0.000045,0.000819,0.319842,1
0.679479,0.000045,0.000824,0.319652,1
0.679708,0.000045,0.000829,0.319418,1
0.679969,0.000045,0.000833,0.319152,1
0.680340,0.000045,0.000838,0.318778,1
0.680812,0.000045,0.000841,0.318302,1
0.681259,0.000045,0.000845,0.317852,1
0.681632,0.000045,0.000848,0.317476,1
0.681965,0.000044,0.000851,0.317139,1
0.682213,0.000044,0.000855,0.316888,1
0.682330,0.000044,0.000858,0.316767,1
0.682405,0.000044,0.000863,0.316688,1
0.682501,0.000044,0.000868,0.316587,1
0.682617,0.000044,0.000873,0.316465,1
0.682789,0.000044,0.000879,0.316288,1
0.682988,0.000044,0.000884,0.316084,1
0.683172,0.000044,0.000890,0.315894,1
0.683427,0.000044,0.000895,0.315633,1
0.683824,0.000044,0.000900,0.315231,1
0.684386,0.000044,0.000905,0.314664,1
0.685135,0.000044,0.000910,0.313911,1
0.686010,0.000044,0.000914,0.313032,1
0.686870,0.000044,0.000918,0.312169,1
0.687625,0.000044,0.000923,0.311409,1
0.688304,0.000044,0.000928,0.310724,1
0.688976,0.000043,0.000933,0.310047,1
0.689639,0.000043,0.000938,0.309379,1
0.690269,0.000043,0.000944,0.308744,1
0.690876,0.000043,0.000950,0.308131,1
0.691461,0.000043,0.000955,0.307541,1
0.692035,0.000043,0.000960,0.306962,1
0.692621,0.000043,0.000964,0.306372,1
0.693176,0.000042,0.000968,0.305813,1
0.693679,0.000042,0.000971,0.305308,1
0.694207,0.000042,0.000974,0.304777,1
0.694788,0.000042,0.000976,0.304194,1
0.695365,0.000042,0.000978,0.303615,1
0.695962,0.000042,0.000978,0.303019,1
0.696602,0.000041,0.000977,0.302380,1
0.697281,0.000041,0.000976,0.301702,1
0.698091,0.000041,0.000975,0.300893,1
0.699045,0.000041,0.000974,0.299940,1
0.700003,0.000041,0.000972,0.298984,1
0.700920,0.000041,0.000971,0.298069,1
0.701893,0.000040,0.000969,0.297097,1
0.702993,0.000040,0.000967,0.296000,1
0.704199,0.000040,0.000965,0.294796,1
0.705481,0.000040,0.000962,0.293517,1
0.706804,0.000039,0.000960,0.292197,1
0.708144,0.000039,0.000957,0.290860,1
0.709502,0.000039,0.000953,0.289506,1
0.710855,0.000039,0.000948,0.288157,1
0.712160,0.000039,0.000944,0.286858,1
0.713383,0.000038,0.000938,0.285641,1
0.714521,0.000038,0.000932,0.284508,1
0.715619,0.000038,0.000925,0.283417,1
0.716701,0.000038,0.000918,0.282343,1
0.717694,0.000038,0.000911,0.281357,1
0.718475,0.000038,0.000904,0.280583,1
0.719016,0.000038,0.000897,0.280050,1
0.719435,0.000038,0.000890,0.279637,1
0.719856,0.000038,0.000884,0.279221,1
0.720313,0.000038,0.000879,0.278770,1
0.720799,0.000038,0.000874,0.278288,1
0.721321,0.000038,0.000869,0.277772,1
0.721886,0.000038,0.000863,0.277213,1
0.722490,0.000038,0.000858,0.276615,1
0.723108,0.000038,0.000852,0.276002,1
0.723730,0.000038,0.000846,0.275386,1
0.724392,0.000038,0.000839,0.274731,1
0.725081,0.000038,0.000833,0.274048,1
0.725725,0.000038,0.000826,0.273411,1
0.726314,0.000038,0.000818,0.272830,1
0.726856,0.000038,0.000811,0.272295,1
0.727361,0.000038,0.000804,0.271797,1
0.727860,0.000038,0.000797,0.271306,1
0.728329,0.000038,0.000790,0.270843,1
0.728751,0.000038,0.000784,0.270427,1
0.729084,0.000038,0.000779,0.270099,1
0.729223,0.000038,0.000774,0.269965,1
0.729146,0.000038,0.000770,0.270046,1
0.728996,0.000038,0.000768,0.270198,1
0.728948,0.000039,0.000764,0.270250,1
0.728937,0.000039,0.000760,0.270263,1
0.728738,0.000039,0.000757,0.270467,1
0.728332,0.000039,0.000753,0.270876,1
0.727872,0.000039,0.000749,0.271340,1
0.727392,0.000039,0.000745,0.271824,1
0.726833,0.000039,0.000742,0.272386,1
0.726226,0.000039,0.000738,0.272997,1
0.725648,0.000039,0.000734,0.273579,1
0.725082,0.000039,0.000730,0.274149,1
0.724437,0.000039,0.000725,0.274798,1
0.723635,0.000040,0.000722,0.275604,1
0.722630,0.000040,0.000719,0.276612,1
0.721441,0.000040,0.000716,0.277803,1
0.720123,0.000040,0.000714,0.279123,1
0.718689,0.000040,0.000711,0.280559,1
0.717166,0.000040,0.000709,0.282084,1
0.715628,0.000041,0.000708,0.283623,1
0.714103,0.000041,0.000709,0.285148,1
0.712599,0.000041,0.000709,0.286651,1
0.711125,0.000042,0.000710,0.288123,1
0.709673,0.000042,0.000711,0.289574,1
0.708274,0.000042,0.000713,0.290971,1
0.706983,0.000042,0.000715,0.292260,1
0.705795,0.000043,0.000717,0.293446,1
0.704625,0.000043,0.000719,0.294613,1
0.703359,0.000043,0.000722,0.295876,1
0.701976,0.000043,0.000725,0.297256,1
0.700574,0.000043,0.000728,0.298654,1
0.699274,0.000044,0.000732,0.299950,1
0.698111,0.000044,0.000736,0.301109,1
0.697009,0.000044,0.000739,0.302207,1
0.695881,0.000044,0.000743,0.303331,1
0.694721,0.000045,0.000747,0.304487,1
0.693553,0.000045,0.000750,0.305653,1
0.692383,0.000045,0.000753,0.306819,1
0.691202,0.000045,0.000755,0.307997,1
0.690015,0.000046,0.000758,0.309181,1
0.688877,0.000046,0.000759,0.310317,1
0.687853,0.000046,0.000761,0.311340,1
0.686949,0.000047,0.000761,0.312243,1
0.686097,0.000047,0.000761,0.313095,1
0.685289,0.000047,0.000761,0.313903,1
0.684580,0.000047,0.000761,0.314612,1
0.683959,0.000047,0.000761,0.315233,1
0.683396,0.000048,0.000761,0.315796,1
0.682883,0.000048,0.000761,0.316309,1
0.682408,0.000048,0.000760,0.316784,1
0.681943,0.000048,0.000759,0.317250,1
0.681433,0.000048,0.000758,0.317760,1
0.680872,0.000048,0.000758,0.318322,1
0.680347,0.000048,0.000757,0.318847,1
0.679903,0.000049,0.000756,0.319292,1
0.679473,0.000049,0.000756,0.319722,1
0.679051,0.000049,0.000756,0.320144,1
0.678699,0.000049,0.000756,0.320496,1
0.678428,0.000049,0.000756,0.320766,1
0.678213,0.000049,0.000757,0.320981,1
0.678045,0.000050,0.000758,0.321148,1
0.677926,0.000050,0.000758,0.321267,1
0.677855,0.000050,0.000758,0.321337,1
0.677878,0.000050,0.000758,0.321315,1
0.678062,0.000050,0.000757,0.321131,1
0.678414,0.000050,0.000755,0.320781,1
0.678838,0.000050,0.000754,0.320359,1
0.679237,0.000050,0.000752,0.319961,1
0.679640,0.000050,0.000750,0.319560,1
0.680109,0.000050,0.000748,0.319093,1
0.680606,0.000050,0.000746,0.318598,1
0.681021,0.000050,0.000743,0.318186,1
0.681327,0.000050,0.000740,0.317883,1
0.681592,0.000050,0.000738,0.317620,1
0.681867,0.000050,0.000736,0.317347,1
0.682175,0.000050,0.000735,0.317040,1
0.682571,0.000050,0.000733,0.316646,1
0.683120,0.000050,0.000731,0.316099,1
0.683807,0.000050,0.000729,0.315414,1
0.684557,0.000050,0.000727,0.314666,1
0.685319,0.000050,0.000725,0.313906,1
0.686060,0.000050,0.000723,0.313167,1
0.686760,0.000050,0.000720,0.312470,1
0.687369,0.000050,0.000717,0.311864,1
0.687868,0.000050,0.000713,0.311369,1
0.688341,0.000050,0.000708,0.310902,1
0.688880,0.000050,0.000702,0.310368,1
0.689525,0.000050,0.000696,0.309729,1
0.690252,0.000050,0.000691,0.309008,1
0.690979,0.000050,0.000686,0.308285,1
0.691657,0.000050,0.000681,0.307612,1
0.692278,0.000050,0.000677,0.306996,1
0.692852,0.000050,0.000673,0.306425,1
0.693449,0.000050,0.000668,0.305833,1
0.694242,0.000050,0.000664,0.305044,1
0.695318,0.000050,0.000660,0.303972,1
0.696580,0.000049,0.000655,0.302715,1
0.698006,0.000049,0.000650,0.301295,1
0.699635,0.000049,0.000645,0.299671,1
0.701359,0.000049,0.000639,0.297953,1
0.703041,0.000049,0.000633,0.296277,1
0.704699,0.000048,0.000628,0.294625,1
0.706397,0.000048,0.000623,0.292932,1
0.708114,0.000048,0.000617,0.291221,1
0.709813,0.000048,0.000612,0.289527,1
0.711529,0.000047,0.000606,0.287818,1
0.713302,0.000047,0.000599,0.286052,1
0.715126,0.000047,0.000592,0.284235,1
0.716961,0.000046,0.000585,0.282408,1
0.718788,0.000046,0.000579,0.280587,1
0.720636,0.000046,0.000572,0.278747,1
0.722538,0.000046,0.000564,0.276852,1
0.724486,0.000045,0.000557,0.274911,1
0.726431,0.000045,0.000551,0.272973,1
0.728358,0.000045,0.000545,0.271052,1
0.730285,0.000044,0.000538,0.269132,1
0.732224,0.000044,0.000532,0.267200,1
0.734223,0.000044,0.000525,0.265208,1
0.736237,0.000044,0.000519,0.263200,1
0.738047,0.000043,0.000513,0.261396,1
0.739523,0.000043,0.000507,0.259927,1
0.740698,0.000043,0.000501,0.258758,1
0.741722,0.000043,0.000496,0.257740,1
0.742756,0.000043,0.000490,0.256711,1
0.743711,0.000043,0.000484,0.255763,1
0.744529,0.000043,0.000477,0.254951,1
0.745347,0.000043,0.000471,0.254140,1
0.746196,0.000043,0.000464,0.253297,1
0.747032,0.000043,0.000458,0.252468,1
0.747762,0.000042,0.000451,0.251744,1
0.748301,0.000042,0.000444,0.251212,1
0.748693,0.000043,0.000438,0.250826,1
0.749050,0.000043,0.000431,0.250476,1
0.749434,0.000043,0.000425,0.250098,1
0.749849,0.000043,0.000420,0.249689,1
0.750298,0.000043,0.000414,0.249246,1
0.750742,0.000043,0.000409,0.248806,1
0.751124,0.000043,0.000404,0.248429,1
0.751464,0.000043,0.000399,0.248094,1
0.751782,0.000043,0.000393,0.247782,1
0.752063,0.000043,0.000388,0.247507,1
0.752287,0.000043,0.000382,0.247288,1
0.752459,0.000043,0.000377,0.247122,1
0.752632,0.000043,0.000371,0.246953,1
0.752840,0.000043,0.000366,0.246751,1
0.753110,0.000043,0.000360,0.246487,1
0.753491,0.000043,0.000355,0.246111,1
0.753954,0.000043,0.000350,0.245653,1
0.754424,0.000043,0.000346,0.245187,1
0.754875,0.000043,0.000342,0.244740,1
0.755312,0.000043,0.000338,0.244307,1
0.755741,0.000043,0.000334,0.243881,1
0.756109,0.000043,0.000331,0.243517,1
0.756317,0.000044,0.000328,0.243312,1
0.756359,0.000044,0.000325,0.243271,1
0.756345,0.000044,0.000323,0.243288,1
0.756358,0.000044,0.000321,0.243277,1
0.756392,0.000044,0.000319,0.243244,1
0.756525,0.000044,0.000318,0.243113,1
0.756891,0.000044,0.000316,0.242749,1
0.757415,0.000044,0.000314,0.242227,1
0.757983,0.000044,0.000313,0.241661,1
0.758622,0.000044,0.000311,0.241023,1
0.759331,0.000044,0.000309,0.240316,1
0.760063,0.000044,0.000307,0.239586,1
0.760785,0.000044,0.000306,0.238866,1
0.761464,0.000044,0.000304,0.238188,1
0.762084,0.000044,0.000303,0.237569,1
0.762660,0.000044,0.000302,0.236995,1
0.763267,0.000044,0.000300,0.236389,1
0.763934,0.000044,0.000299,0.235724,1
0.764593,0.000043,0.000297,0.235066,1
0.765202,0.000043,0.000296,0.234459,1
0.765820,0.000043,0.000294,0.233843,1
0.766536,0.000043,0.000292,0.233129,1
0.767343,0.000043,0.000290,0.232323,1
0.768179,0.000043,0.000289,0.231489,1
0.769027,0.000043,0.000287,0.230643,1
0.769873,0.000043,0.000285,0.229799,1
0.770653,0.000043,0.000284,0.229020,1
0.771269,0.000043,0.000283,0.228405,1
0.771690,0.000043,0.000282,0.227986,1
0.772023,0.000043,0.000281,0.227654,1
0.772344,0.000043,0.000280,0.227334,1
0.772661,0.000043,0.000279,0.227017,1
0.773027,0.000042,0.000278,0.226653,1
0.773428,0.000042,0.000277,0.226252,1
0.773817,0.000042,0.000277,0.225864,1
0.774243,0.000042,0.000276,0.225439,1
0.774771,0.000042,0.000275,0.224912,1
0.775316,0.000042,0.000273,0.224369,1
0.775794,0.000042,0.000272,0.223892,1
0.776257,0.000042,0.000271,0.223431,1
0.776656,0.000042,0.000270,0.223033,1
0.776815,0.000042,0.000269,0.222874,1
0.776711,0.000042,0.000268,0.222979,1
0.776524,0.000042,0.000268,0.223166,1
0.776358,0.000042,0.000268,0.223332,1
0.776175,0.000042,0.000269,0.223515,1
0.775989,0.000042,0.000269,0.223700,1
0.775808,0.000042,0.000269,0.223881,1
0.775598,0.000042,0.000270,0.224091,1
0.775399,0.000042,0.000270,0.224289,1
0.775270,0.000042,0.000271,0.224417,1
0.775221,0.000042,0.000272,0.224465,1
0.775262,0.000042,0.000272,0.224424,1
0.775356,0.000042,0.000273,0.224330,1
0.775387,0.000042,0.000273,0.224298,1
0.775259,0.000042,0.000273,0.224426,1
0.774928,0.000042,0.000274,0.224757,1
0.774445,0.000042,0.000274,0.225240,1
0.773927,0.000042,0.000273,0.225758,1
0.773379,0.000042,0.000273,0.226306,1
0.772706,0.000042,0.000273,0.226979,1
0.771869,0.000042,0.000273,0.227816,1
0.770932,0.000043,0.000272,0.228753,1
0.770025,0.000043,0.000272,0.229660,1
0.769241,0.000043,0.000272,0.230444,1
0.768543,0.000043,0.000272,0.231143,1
0.767813,0.000043,0.000271,0.231872,1
0.767034,0.000043,0.000271,0.232651,1
0.766283,0.000043,0.000271,0.233403,1
0.765593,0.000044,0.000271,0.234092,1
0.764936,0.000044,0.000271,0.234750,1
0.764285,0.000044,0.000270,0.235401,1
0.763622,0.000044,0.000270,0.236064,1
0.762893,0.000044,0.000270,0.236793,1
0.762034,0.000044,0.000270,0.237651,1
0.761073,0.000044,0.000271,0.238612,1
0.760146,0.000044,0.000271,0.239538,1
0.759337,0.000044,0.000272,0.240346,1
0.758582,0.000045,0.000272,0.241101,1
0.757774,0.000045,0.000273,0.241909,1
0.756893,0.000045,0.000274,0.242788,1
0.756052,0.000045,0.000274,0.243629,1
0.755362,0.000045,0.000274,0.244319,1
0.754767,0.000045,0.000274,0.244913,1
0.754129,0.000045,0.000274,0.245551,1
0.753454,0.000045,0.000274,0.246226,1
0.752839,0.000045,0.000274,0.246842,1
0.752275,0.000046,0.000274,0.247405,1
0.751657,0.000046,0.000274,0.248023,1
0.750912,0.000046,0.000275,0.248768,1
0.750089,0.000046,0.000275,0.249590,1
0.749330,0.000046,0.000276,0.250349,1
0.748694,0.000046,0.000276,0.250984,1
0.748129,0.000046,0.000277,0.251548,1
0.747658,0.000046,0.000277,0.252019,1
0.747426,0.000046,0.000277,0.252251,1
0.747469,0.000046,0.000277,0.252207,1
0.747654,0.000046,0.000278,0.252022,1
0.747907,0.000046,0.000278,0.251770,1
0.748247,0.000046,0.000278,0.251430,1
0.748656,0.000046,0.000277,0.251021,1
0.749065,0.000045,0.000277,0.250612,1
0.749438,0.000045,0.000277,0.250240,1
0.749783,0.000045,0.000277,0.249895,1
0.750136,0.000045,0.000277,0.249542,1
0.750595,0.000045,0.000276,0.249084,1
0.751258,0.000045,0.000276,0.248421,1
0.752092,0.000044,0.000275,0.247588,1
0.752990,0.000044,0.000275,0.246691,1
0.753887,0.000044,0.000274,0.245795,1
0.754759,0.000044,0.000273,0.244924,1
0.755593,0.000043,0.000272,0.244091,1
0.756359,0.000043,0.000271,0.243326,1
0.756976,0.000043,0.000271,0.242710,1
0.757350,0.000043,0.000270,0.242337,1
0.757508,0.000043,0.000270,0.242180,1
0.757557,0.000043,0.000269,0.242131,1
0.757522,0.000043,0.000269,0.242167,1
0.757416,0.000043,0.000269,0.242272,1
0.757322,0.000042,0.000269,0.242366,1
0.757338,0.000042,0.000269,0.242351,1
0.757473,0.000042,0.000268,0.242217,1
0.757649,0.000042,0.000268,0.242041,1
0.757802,0.000042,0.000267,0.241889,1
0.757903,0.000042,0.000267,0.241788,1
0.757945,0.000042,0.000266,0.241746,1
0.757894,0.000042,0.000266,0.241799,1
0.757702,0.000042,0.000265,0.241991,1
0.757377,0.000042,0.000264,0.242317,1
0.756983,0.000042,0.000263,0.242713,1
0.756573,0.000042,0.000261,0.243124,1
0.756159,0.000042,0.000259,0.243540,1
0.755789,0.000042,0.000257,0.243913,1
0.755500,0.000042,0.000254,0.244204,1
0.755227,0.000042,0.000252,0.244479,1
0.754918,0.000042,0.000250,0.244790,1
0.754583,0.000042,0.000249,0.245127,1
0.754242,0.000042,0.000247,0.245469,1
0.753948,0.000042,0.000245,0.245765,1
0.753709,0.000042,0.000244,0.246006,1
0.753494,0.000042,0.000242,0.246222,1
0.753352,0.000042,0.000241,0.246365,1
0.753269,0.000041,0.000239,0.246450,1
0.753206,0.000041,0.000237,0.246515,1
0.753255,0.000041,0.000236,0.246469,1
0.753429,0.000041,0.000234,0.246296,1
0.753616,0.000041,0.000232,0.246111,1
0.753786,0.000041,0.000231,0.245943,1
0.753959,0.000041,0.000229,0.245771,1
0.754029,0.000041,0.000228,0.245703,1
0.753839,0.000041,0.000226,0.245894,1
0.753450,0.000041,0.000225,0.246284,1
0.753019,0.000041,0.000224,0.246716,1
0.752592,0.000040,0.000223,0.247144,1
0.752213,0.000040,0.000222,0.247524,1
0.751913,0.000040,0.000221,0.247826,1
0.751615,0.000040,0.000220,0.248125,1
0.751250,0.000040,0.000219,0.248492,1
0.750857,0.000040,0.000218,0.248885,1
0.750493,0.000040,0.000216,0.249250,1
0.750148,0.000040,0.000216,0.249597,1
0.749873,0.000040,0.000215,0.249873,1
0.749729,0.000040,0.000214,0.250017,1
0.749674,0.000040,0.000213,0.250073,1
0.749676,0.000040,0.000212,0.250072,1
0.749729,0.000040,0.000212,0.250020,1
0.749808,0.000039,0.000211,0.249942,1
0.749903,0.000039,0.000210,0.249848,1
0.750027,0.000039,0.000209,0.249725,1
0.750190,0.000039,0.000208,0.249563,1
0.750382,0.000039,0.000206,0.249373,1
0.750563,0.000039,0.000205,0.249193,1
0.750664,0.000039,0.000204,0.249094,1
0.750621,0.000039,0.000202,0.249138,1
0.750451,0.000039,0.000201,0.249310,1
0.750243,0.000039,0.000200,0.249519,1
0.750044,0.000039,0.000199,0.249719,1
0.749835,0.000038,0.000198,0.249929,1
0.749654,0.000038,0.000197,0.250111,1
0.749585,0.000038,0.000196,0.250181,1
0.749595,0.000038,0.000195,0.250172,1
0.749611,0.000038,0.000194,0.250157,1
0.749683,0.000038,0.000193,0.250086,1
0.749892,0.000038,0.000192,0.249877,1
0.750234,0.000038,0.000191,0.249537,1
0.750653,0.000038,0.000190,0.249119,1
0.751117,0.000038,0.000189,0.248656,1
0.751632,0.000038,0.000188,0.248142,1
0.752234,0.000037,0.000187,0.247542,1
0.752883,0.000037,0.000186,0.246893,1
0.753483,0.000037,0.000185,0.246295,1
0.754028,0.000037,0.000185,0.245751,1
0.754502,0.000037,0.000184,0.245277,1
0.754872,0.000037,0.000183,0.244909,1
0.755228,0.000037,0.000182,0.244554,1
0.755664,0.000037,0.000181,0.244118,1
0.756192,0.000036,0.000180,0.243591,1
0.756802,0.000036,0.000179,0.242983,1
0.757449,0.000036,0.000178,0.242336,1
0.758063,0.000036,0.000177,0.241724,1
0.758590,0.000036,0.000176,0.241198,1
0.759050,0.000036,0.000175,0.240739,1
0.759526,0.000036,0.000174,0.240264,1
0.760061,0.000036,0.000173,0.239730,1
0.760610,0.000035,0.000172,0.239182,1
0.761064,0.000035,0.000171,0.238729,1
0.761369,0.000035,0.000170,0.238426,1
0.761593,0.000035,0.000169,0.238203,1
0.761832,0.000035,0.000168,0.237965,1
0.762161,0.000035,0.000167,0.237637,1
0.762613,0.000035,0.000165,0.237187,1
0.763139,0.000035,0.000164,0.236662,1
0.763648,0.000035,0.000163,0.236155,1
0.764068,0.000035,0.000162,0.235735,1
0.764458,0.000035,0.000160,0.235347,1
0.764919,0.000034,0.000159,0.234887,1
0.765454,0.000034,0.000158,0.234354,1
0.766000,0.000034,0.000157,0.233809,1
0.766531,0.000034,0.000155,0.233279,1
0.767009,0.000034,0.000154,0.232803,1
0.767354,0.000034,0.000153,0.232459,1
0.767574,0.000034,0.000152,0.232240,1
0.767718,0.000034,0.000151,0.232098,1
0.767789,0.000034,0.000150,0.232028,1
0.767769,0.000034,0.000149,0.232048,1
0.767654,0.000034,0.000148,0.232165,1
0.767471,0.000034,0.000147,0.232349,1
0.767238,0.000034,0.000146,0.232583,1
0.766999,0.000034,0.000145,0.232822,1
0.766808,0.000034,0.000144,0.233014,1
0.766620,0.000034,0.000143,0.233203,1
0.766381,0.000034,0.000142,0.233443,1
0.766115,0.000034,0.000142,0.233709,1
0.765881,0.000034,0.000141,0.233945,1
0.765734,0.000034,0.000140,0.234093,1
0.765621,0.000034,0.000139,0.234206,1
0.765463,0.000033,0.000139,0.234365,1
0.765323,0.000033,0.000138,0.234505,1
0.765217,0.000033,0.000138,0.234612,1
0.765012,0.000033,0.000137,0.234817,1
0.764643,0.000033,0.000137,0.235186,1
0.764184,0.000033,0.000137,0.235645,1
0.763735,0.000033,0.000137,0.236094,1
0.763349,0.000033,0.000138,0.236481,1
0.763017,0.000033,0.000138,0.236812,1
0.762713,0.000033,0.000138,0.237116,1
0.762371,0.000033,0.000138,0.237458,1
0.761890,0.000033,0.000139,0.237938,1
0.761230,0.000033,0.000139,0.238598,1
0.760430,0.000033,0.000140,0.239397,1
0.759603,0.000033,0.000141,0.240222,1
0.758841,0.000033,0.000142,0.240983,1
0.758086,0.000033,0.000143,0.241738,1
0.757280,0.000034,0.000144,0.242543,1
0.756485,0.000034,0.000145,0.243336,1
0.755711,0.000034,0.000146,0.244110,1
0.754840,0.000034,0.000147,0.244980,1
0.753751,0.000034,0.000148,0.246067,1
0.752442,0.000034,0.000149,0.247375,1
0.750995,0.000034,0.000151,0.248820,1
0.749442,0.000034,0.000153,0.250371,1
0.747763,0.000034,0.000154,0.252049,1
0.745990,0.000035,0.000156,0.253820,1
0.744184,0.000035,0.000158,0.255623,1
0.742383,0.000035,0.000159,0.257423,1
0.740611,0.000035,0.000161,0.259193,1
0.738859,0.000036,0.000162,0.260943,1
0.737072,0.000036,0.000164,0.262728,1
0.735232,0.000036,0.000166,0.264566,1
0.733353,0.000036,0.000167,0.266444,1
0.731426,0.000037,0.000169,0.268369,1
0.729506,0.000037,0.000170,0.270287,1
0.727669,0.000037,0.000171,0.272122,1
0.725935,0.000038,0.000173,0.273855,1
0.724311,0.000038,0.000174,0.275478,1
0.722767,0.000038,0.000175,0.277020,1
0.721245,0.000038,0.000176,0.278541,1
0.719677,0.000038,0.000177,0.280108,1
0.718067,0.000039,0.000178,0.281716,1
0.716501,0.000039,0.000179,0.283281,1
0.714975,0.000039,0.000180,0.284806,1
0.713425,0.000039,0.000181,0.286354,1
0.711865,0.000040,0.000182,0.287913,1
0.710328,0.000040,0.000183,0.289449,1
0.708817,0.000040,0.000184,0.290959,1
0.707410,0.000040,0.000184,0.292366,1
0.706160,0.000041,0.000185,0.293614,1
0.705016,0.000041,0.000186,0.294757,1
0.704014,0.000041,0.000186,0.295758,1
0.703244,0.000041,0.000187,0.296528,1
0.702663,0.000041,0.000187,0.297108,1
0.702129,0.000041,0.000187,0.297643,1
0.701514,0.000041,0.000187,0.298258,1
0.700796,0.000041,0.000187,0.298975,1
0.700034,0.000041,0.000187,0.299738,1
0.699289,0.000042,0.000187,0.300483,1
0.698598,0.000042,0.000186,0.301174,1
0.697956,0.000042,0.000186,0.301816,1
0.697358,0.000042,0.000186,0.302415,1
0.696806,0.000042,0.000185,0.302967,1
0.696255,0.000042,0.000185,0.303518,1
0.695686,0.000042,0.000184,0.304088,1
0.695075,0.000042,0.000184,0.304699,1
0.694376,0.000042,0.000184,0.305398,1
0.693693,0.000042,0.000183,0.306082,1
0.693129,0.000042,0.000183,0.306646,1
0.692603,0.000042,0.000183,0.307172,1
0.692006,0.000042,0.000183,0.307769,1
0.691385,0.000042,0.000184,0.308389,1
0.690896,0.000042,0.000184,0.308878,1
0.690662,0.000042,0.000184,0.309112,1
0.690671,0.000042,0.000184,0.309102,1
0.690823,0.000042,0.000184,0.308951,1
0.691093,0.000042,0.000184,0.308680,1
0.691489,0.000042,0.000184,0.308285,1
0.691940,0.000042,0.000184,0.307835,1
0.692430,0.000042,0.000184,0.307344,1
0.692990,0.000042,0.000183,0.306785,1
0.693568,0.000042,0.000183,0.306207,1
0.694142,0.000042,0.000183,0.305633,1
0.694778,0.000041,0.000183,0.304998,1
0.695524,0.000041,0.000183,0.304251,1
0.696403,0.000041,0.000183,0.303374,1
0.697393,0.000041,0.000183,0.302383,1
0.698406,0.000041,0.000182,0.301371,1
0.699388,0.000040,0.000182,0.300389,1
0.700398,0.000040,0.000182,0.299381,1
0.701451,0.000040,0.000181,0.298328,1
0.702474,0.000040,0.000181,0.297305,1
0.703378,0.000040,0.000181,0.296402,1
0.704121,0.000039,0.000181,0.295659,1
0.704758,0.000039,0.000181,0.295023,1
0.705396,0.000039,0.000181,0.294384,1
0.706102,0.000039,0.000181,0.293678,1
0.706853,0.000039,0.000180,0.292928,1
0.707609,0.000039,0.000180,0.292172,1
0.708387,0.000039,0.000180,0.291395,1
0.709183,0.000039,0.000180,0.290599,1
0.709911,0.000038,0.000179,0.289871,1
0.710539,0.000038,0.000179,0.289244,1
0.711072,0.000038,0.000179,0.288711,1
0.711403,0.000038,0.000179,0.288380,1
0.711447,0.000038,0.000179,0.288336,1
0.711205,0.000038,0.000179,0.288579,1
0.710729,0.000038,0.000179,0.289054,1
0.710136,0.000038,0.000179,0.289648,1
0.709500,0.000039,0.000178,0.290283,1
0.708847,0.000039,0.000178,0.290936,1
0.708187,0.000039,0.000178,0.291596,1
0.707528,0.000039,0.000178,0.292256,1
0.706924,0.000039,0.000178,0.292859,1
0.706394,0.000039,0.000178,0.293389,1
0.705875,0.000039,0.000178,0.293909,1
0.705413,0.000039,0.000178,0.294370,1
0.705047,0.000039,0.000178,0.294736,1
0.704596,0.000039,0.000178,0.295187,1
0.703937,0.000039,0.000178,0.295846,1
0.703221,0.000040,0.000178,0.296561,1
0.702636,0.000040,0.000179,0.297145,1
0.702167,0.000040,0.000179,0.297614,1
0.701575,0.000040,0.000179,0.298206,1
0.700665,0.000040,0.000179,0.299116,1
0.699521,0.000040,0.000180,0.300259,1
0.698231,0.000040,0.000181,0.301548,1
0.696793,0.000040,0.000181,0.302985,1
0.695309,0.000041,0.000182,0.304468,1
0.693820,0.000041,0.000184,0.305956,1
0.692279,0.000041,0.000185,0.307495,1
0.690698,0.000041,0.000186,0.309075,1
0.689055,0.000041,0.000187,0.310716,1
0.687310,0.000041,0.000189,0.312459,1
0.685507,0.000041,0.000190,0.314262,1
0.683734,0.000042,0.000192,0.316032,1
0.682036,0.000042,0.000193,0.317729,1
0.680394,0.000042,0.000195,0.319369,1
0.678800,0.000042,0.000196,0.320961,1
0.677298,0.000042,0.000197,0.322462,1
0.675822,0.000042,0.000198,0.323937,1
0.674193,0.000042,0.000199,0.325565,1
0.672492,0.000043,0.000200,0.327266,1
0.670945,0.000043,0.000200,0.328812,1
0.669555,0.000043,0.000201,0.330201,1
0.668235,0.000043,0.000201,0.331521,1
0.666991,0.000043,0.000202,0.332764,1
0.665835,0.000043,0.000202,0.333920,1
0.664717,0.000043,0.000203,0.335037,1
0.663614,0.000043,0.000203,0.336140,1
0.662511,0.000043,0.000204,0.337242,1
0.661364,0.000043,0.000204,0.338389,1
0.660095,0.000043,0.000205,0.339657,1
0.658630,0.000043,0.000206,0.341121,1
0.656976,0.000043,0.000207,0.342773,1
0.655275,0.000044,0.000208,0.344473,1
0.653766,0.000044,0.000209,0.345981,1
0.652602,0.000044,0.000210,0.347145,1
0.651751,0.000044,0.000210,0.347995,1
0.651060,0.000044,0.000210,0.348686,1
0.650298,0.000044,0.000211,0.349447,1
0.649215,0.000044,0.000211,0.350530,1
0.647688,0.000044,0.000212,0.352056,1
0.645839,0.000044,0.000212,0.353905,1
0.643849,0.000044,0.000213,0.355894,1
0.641733,0.000044,0.000214,0.358009,1
0.639460,0.000045,0.000215,0.360280,1
0.637085,0.000045,0.000216,0.362654,1
0.634692,0.000045,0.000217,0.365046,1
0.632328,0.000045,0.000218,0.367408,1
0.629958,0.000045,0.000220,0.369776,1
0.627514,0.000046,0.000221,0.372219,1
0.625022,0.000046,0.000223,0.374710,1
0.622553,0.000046,0.000224,0.377177,1
0.620050,0.000046,0.000226,0.379679,1
0.617389,0.000046,0.000227,0.382338,1
0.614572,0.000047,0.000229,0.385152,1
0.611690,0.000047,0.000231,0.388032,1
0.608823,0.000047,0.000233,0.390897,1
0.606026,0.000047,0.000235,0.393692,1
0.603372,0.000047,0.000236,0.396344,1
0.600993,0.000047,0.000238,0.398721,1
0.598917,0.000048,0.000240,0.400796,1
0.597056,0.000048,0.000241,0.402655,1
0.595384,0.000048,0.000243,0.404326,1
0.593840,0.000048,0.000244,0.405868,1
0.592342,0.000048,0.000246,0.407365,1
0.590895,0.000048,0.000247,0.408811,1
0.589420,0.000048,0.000249,0.410284,1
0.587710,0.000048,0.000250,0.411992,1
0.585723,0.000048,0.000252,0.413977,1
0.583628,0.000048,0.000253,0.416070,1
0.581555,0.000048,0.000255,0.418141,1
0.579562,0.000048,0.000257,0.420133,1
0.577534,0.000049,0.000259,0.422158,1
0.575199,0.000049,0.000262,0.424490,1
0.572596,0.000049,0.000264,0.427091,1
0.569901,0.000049,0.000266,0.429784,1
0.567013,0.000050,0.000269,0.432668,1
0.564020,0.000050,0.000273,0.435658,1
0.561169,0.000050,0.000277,0.438504,1
0.558462,0.000050,0.000281,0.441206,1
0.556018,0.000051,0.000286,0.443646,1
0.553961,0.000051,0.000291,0.445697,1
0.552023,0.000051,0.000296,0.447630,1
0.549912,0.000052,0.000302,0.449734,1
0.547659,0.000052,0.000308,0.451981,1
0.545434,0.000052,0.000314,0.454199,1
0.543388,0.000053,0.000320,0.456239,1
0.541591,0.000053,0.000327,0.458029,1
0.539983,0.000053,0.000334,0.459630,1
0.538435,0.000054,0.000340,0.461171,1
0.536885,0.000054,0.000347,0.462714,1
0.535322,0.000054,0.000353,0.464270,1
0.533687,0.000055,0.000359,0.465900,1
0.531959,0.000055,0.000364,0.467621,1
0.530231,0.000055,0.000369,0.469344,1
0.528624,0.000056,0.000375,0.470946,1
0.527287,0.000056,0.000380,0.472278,1
0.526253,0.000057,0.000385,0.473306,1
0.525305,0.000057,0.000391,0.474248,1
0.524298,0.000057,0.000398,0.475248,1
0.523329,0.000058,0.000405,0.476209,1
0.522470,0.000058,0.000412,0.477061,1
0.521768,0.000058,0.000419,0.477755,1
0.521339,0.000059,0.000427,0.478176,1
0.521206,0.000059,0.000435,0.478301,1
0.521204,0.000059,0.000442,0.478294,1
0.521131,0.000059,0.000451,0.478359,1
0.520941,0.000060,0.000459,0.478540,1
0.520667,0.000060,0.000468,0.478806,1
0.520377,0.000060,0.000476,0.479087,1
0.520154,0.000061,0.000485,0.479301,1
0.519938,0.000061,0.000493,0.479509,1
0.519715,0.000061,0.000501,0.479723,1
0.519708,0.000061,0.000509,0.479722,1
0.520112,0.000061,0.000516,0.479311,1
0.520875,0.000061,0.000523,0.478540,1
0.521810,0.000061,0.000530,0.477600,1
0.522761,0.000061,0.000535,0.476642,1
0.523676,0.000061,0.000541,0.475722,1
0.524599,0.000061,0.000546,0.474793,1
0.525594,0.000061,0.000552,0.473793,1
0.526656,0.000061,0.000557,0.472727,1
0.527776,0.000061,0.000562,0.471602,1
0.528957,0.000061,0.000566,0.470417,1
0.530153,0.000060,0.000570,0.469216,1
0.531384,0.000060,0.000574,0.467982,1
0.532764,0.000060,0.000577,0.466599,1
0.534307,0.000060,0.000580,0.465053,1
0.535905,0.000060,0.000582,0.463453,1
0.537373,0.000060,0.000584,0.461983,1
0.538544,0.000059,0.000587,0.460810,1
0.539545,0.000059,0.000590,0.459807,1
0.540632,0.000059,0.000592,0.458717,1
0.541780,0.000059,0.000594,0.457567,1
0.542807,0.000059,0.000596,0.456537,1
0.543661,0.000059,0.000599,0.455681,1
0.544426,0.000059,0.000602,0.454913,1
0.545270,0.000058,0.000604,0.454067,1
0.546289,0.000058,0.000607,0.453046,1
0.547343,0.000058,0.000609,0.451990,1
0.548256,0.000058,0.000611,0.451075,1
0.549131,0.000058,0.000614,0.450197,1
0.550135,0.000057,0.000616,0.449192,1
0.551281,0.000057,0.000617,0.448045,1
0.552674,0.000057,0.000617,0.446652,1
0.554450,0.000057,0.000617,0.444877,1
0.556486,0.000056,0.000616,0.442842,1
0.558619,0.000056,0.000615,0.440710,1
0.560888,0.000055,0.000614,0.438443,1
0.563317,0.000055,0.000613,0.436015,1
0.565817,0.000055,0.000612,0.433516,1
0.568297,0.000054,0.000612,0.431037,1
0.570691,0.000054,0.000611,0.428644,1
0.572952,0.000053,0.000611,0.426384,1
0.575087,0.000053,0.000611,0.424250,1
0.577193,0.000053,0.000611,0.422144,1
0.579373,0.000052,0.000611,0.419964,1
0.581655,0.000052,0.000611,0.417683,1
0.583980,0.000052,0.000610,0.415357,1
0.586262,0.000052,0.000610,0.413076,1
0.588530,0.000051,0.000610,0.410809,1
0.590905,0.000051,0.000609,0.408435,1
0.593381,0.000051,0.000608,0.405960,1
0.595844,0.000050,0.000607,0.403498,1
0.598268,0.000050,0.000607,0.401076,1
0.600679,0.000050,0.000606,0.398665,1
0.603087,0.000049,0.000605,0.396259,1
0.605505,0.000049,0.000604,0.393841,1
0.607922,0.000049,0.000604,0.391425,1
0.610255,0.000048,0.000604,0.389093,1
0.612453,0.000048,0.000603,0.386895,1
0.614600,0.000048,0.000603,0.384749,1
0.616813,0.000048,0.000602,0.382537,1
0.619111,0.000047,0.000601,0.380241,1
0.621448,0.000047,0.000599,0.377906,1
0.623842,0.000047,0.000597,0.375515,1
0.626277,0.000046,0.000595,0.373082,1
0.628583,0.000046,0.000593,0.370778,1
0.630751,0.000046,0.000591,0.368613,1
0.633002,0.000045,0.000588,0.366365,1
0.635395,0.000045,0.000586,0.363974,1
0.637849,0.000044,0.000584,0.361522,1
0.640324,0.000044,0.000582,0.359050,1
0.642772,0.000044,0.000581,0.356603,1
0.645100,0.000043,0.000580,0.354277,1
0.647199,0.000043,0.000579,0.352178,1
0.649046,0.000043,0.000579,0.350332,1
0.650713,0.000043,0.000579,0.348666,1
0.652242,0.000042,0.000579,0.347137,1
0.653657,0.000042,0.000579,0.345723,1
0.655079,0.000042,0.000579,0.344300,1
0.656495,0.000042,0.000579,0.342884,1
0.657640,0.000041,0.000580,0.341739,1
0.658360,0.000041,0.000581,0.341018,1
0.658728,0.000041,0.000584,0.340648,1
0.658918,0.000041,0.000586,0.340455,1
0.659083,0.000041,0.000588,0.340288,1
0.659229,0.000041,0.000591,0.340139,1
0.659205,0.000040,0.000594,0.340161,1
0.658872,0.000040,0.000597,0.340490,1
0.658344,0.000040,0.000600,0.341016,1
0.657832,0.000040,0.000604,0.341524,1
0.657412,0.000040,0.000607,0.341941,1
0.657085,0.000040,0.000610,0.342265,1
0.656830,0.000040,0.000613,0.342517,1
0.656603,0.000040,0.000615,0.342743,1
0.656383,0.000040,0.000617,0.342960,1
0.656227,0.000039,0.000619,0.343114,1
0.656217,0.000039,0.000620,0.343123,1
0.656310,0.000039,0.000622,0.343028,1
0.656407,0.000039,0.000624,0.342929,1
0.656499,0.000039,0.000626,0.342836,1
0.656576,0.000039,0.000628,0.342757,1
0.656560,0.000039,0.000630,0.342771,1
0.656396,0.000039,0.000632,0.342933,1
0.656134,0.000039,0.000634,0.343193,1
